1000011100110 1000011000110
1000011101100 1000011001100
1000011111010 1000011011010
1000100100110 1000100000110
1000100101100 1000100001100
1000110100110 1000110000110
1000110101100 1000110001100
1000111000110 1000110000110
1000111000110 1000110100110
1000111001100 1000110001100
1000111001100 1000110101100
1000111001110 1000110001110
1000111011000 1000110011000
1000111011010 1000110111010
1000111011100 1000110011100
1000111100110 1000110000110
1000111100110 1000110100110
1000111100110 1000111000110
1000111101100 1000110001100
1000111101100 1000110101100
1000111101100 1000111001100
1000111110001 1000110110001
1000111110010 1000110110010
1000111110100 1000110110100
1000111110110 1000110110110
1000111111010 1000110111010
1000111111010 1000111011010
1001000100110 1001000000110
1001000101100 1001000001100
1001001000110 1001000000110
1001001000110 1001000100110
1001001001001 1001000001001
1001001001010 1001000001010
1001001001100 1001000001100
1001001001100 1001000101100
1001001001110 1001000001110
1001001011000 1001000011000
1001001011100 1001000011100
1001010100110 1001010000110
1001010101100 1001010001100
1001011100110 1001011000110
1001011101100 1001011001100
1001011111010 1001011011010
1001100100110 1001100000110
1001100101100 1001100001100
1001101000110 1001100000110
1001101000110 1001100100110
1001101001001 1001100001001
1001101001010 1001100001010
1001101001100 1001100001100
1001101001100 1001100101100
1001101001110 1001100001110
1001101010100 1001100010100
1001101011000 1001100011000
1001101011001 1001100011001
1001101011001 1001100111001
1001101011100 1001100011100
1001101100110 1001100000110
1001101100110 1001100100110
1001101100110 1001101000110
1001101101100 1001100001100
1001101101100 1001100101100
1001101101100 1001101001100
1001101110001 1001100110001
1001101110010 1001100110010
1001101110100 1001100110100
1001101111010 1001101011010
1001110000110 1001100000110
1001110000110 1001100100110
1001110000110 1001101000110
1001110000110 1001101100110
1001110001100 1001100001100
1001110001100 1001100101100
1001110001100 1001101001100
1001110001100 1001101101100
1001110001110 1001100001110
1001110001110 1001101001110
1001110010110 1001100010110
1001110011000 1001100011000
1001110011000 1001101011000
1001110011001 1001100011001
1001110011001 1001100111001
1001110011001 1001101011001
1001110011001 1001101111001
1001110011010 1001100011010
1001110011100 1001100011100
1001110011100 1001101011100
1001110011110 1001100011110
1001110100110 1001100000110
1001110100110 1001100100110
1001110100110 1001101000110
1001110100110 1001101100110
1001110100110 1001110000110
1001110101100 1001100001100
1001110101100 1001100101100
1001110101100 1001101001100
1001110101100 1001101101100
1001110101100 1001110001100
1001110110000 1001100110000
1001110110001 1001100110001
1001110110001 1001101110001
1001110110010 1001100110010
1001110110010 1001101110010
1001110110100 1001100110100
1001110110100 1001101110100
1001110110110 1001101110110
1001110111000 1001100111000
1001110111001 1001100011001
1001110111001 1001100111001
1001110111001 1001101011001
1001110111001 1001101111001
1001110111001 1001110011001
1001110111010 1001101011010
1001110111010 1001101111010
1001110111100 1001100111100
1001111000110 1001100000110
1001111000110 1001100100110
1001111000110 1001101000110
1001111000110 1001101100110
1001111000110 1001110000110
1001111000110 1001110100110
1001111001100 1001100001100
1001111001100 1001100101100
1001111001100 1001101001100
1001111001100 1001101101100
1001111001100 1001110001100
1001111001100 1001110101100
1001111001110 1001100001110
1001111001110 1001101001110
1001111001110 1001110001110
1001111010110 1001101010110
1001111011000 1001100011000
1001111011000 1001101011000
1001111011000 1001110011000
1001111011001 1001100011001
1001111011001 1001100111001
1001111011001 1001101011001
1001111011001 1001101111001
1001111011001 1001110011001
1001111011001 1001110111001
1001111011010 1001101011010
1001111011010 1001101111010
1001111011010 1001110111010
1001111011100 1001100011100
1001111011100 1001101011100
1001111011100 1001110011100
1001111100001 1001101100001
1001111100010 1001101100010
1001111100100 1001101100100
1001111100110 1001100000110
1001111100110 1001100100110
1001111100110 1001101000110
1001111100110 1001101100110
1001111100110 1001110000110
1001111100110 1001110100110
1001111100110 1001111000110
1001111101000 1001101101000
1001111101001 1001101101001
1001111101010 1001101101010
1001111101100 1001100001100
1001111101100 1001100101100
1001111101100 1001101001100
1001111101100 1001101101100
1001111101100 1001110001100
1001111101100 1001110101100
1001111101100 1001111001100
1001111101110 1001101101110
1001111110001 1001100110001
1001111110001 1001101110001
1001111110001 1001110110001
1001111110010 1001100110010
1001111110010 1001101110010
1001111110010 1001110110010
1001111110100 1001100110100
1001111110100 1001101110100
1001111110100 1001110110100
1001111110110 1001101110110
1001111110110 1001110110110
1001111111001 1001100011001
1001111111001 1001100111001
1001111111001 1001101011001
1001111111001 1001101111001
1001111111001 1001110011001
1001111111001 1001110111001
1001111111001 1001111011001
1001111111010 1001101011010
1001111111010 1001101111010
1001111111010 1001110111010
1001111111010 1001111011010
1010000100110 1010000000110
1010000101100 1010000001100
1010001000101 1010000000101
1010001000101 1010000100101
1010001000110 1010000000110
1010001000110 1010000100110
1010001001001 1010000001001
1010001001010 1010000001010
1010001001100 1010000001100
1010001001100 1010000101100
1010001001110 1010000001110
1010001010100 1010000010100
1010001011000 1010000011000
1010001011001 1010000011001
1010001011100 1010000011100
1010010000101 1010000000101
1010010000101 1010000100101
1010010000101 1010001000101
1010010000110 1010000000110
1010010000110 1010000100110
1010010000110 1010001000110
1010010001001 1010000001001
1010010001001 1010001001001
1010010001010 1010000001010
1010010001010 1010001001010
1010010001100 1010000001100
1010010001100 1010000101100
1010010001100 1010001001100
1010010001110 1010000001110
1010010001110 1010001001110
1010010010010 1010000010010
1010010010100 1010000010100
1010010010100 1010001010100
1010010010110 1010000010110
1010010011000 1010000011000
1010010011000 1010001011000
1010010011001 1010000011001
1010010011001 1010001011001
1010010011010 1010000011010
1010010011100 1010000011100
1010010011100 1010001011100
1010010011110 1010000011110
1010010100101 1010000000101
1010010100101 1010000100101
1010010100101 1010001000101
1010010100101 1010010000101
1010010100110 1010000000110
1010010100110 1010000100110
1010010100110 1010001000110
1010010100110 1010010000110
1010010101000 1010000101000
1010010101001 1010000101001
1010010101100 1010000001100
1010010101100 1010000101100
1010010101100 1010001001100
1010010101100 1010010001100
1010010110000 1010000110000
1010010110001 1010000110001
1010010110010 1010000110010
1010010110100 1010000110100
1010010111000 1010000111000
1010010111001 1010000111001
1010010111100 1010000111100
1010011100110 1010011000110
1010011101100 1010011001100
1010011111001 1010011011001
1010011111010 1010011011010
1010100100101 1010100000101
1010100100110 1010100000110
1010100101100 1010100001100
1010111011001 1010110111001
1010111011010 1010110111010
1010111100110 1010110100110
1010111101100 1010110101100
1010111110001 1010110110001
1010111110010 1010110110010
1010111110100 1010110110100
1010111110101 1010110110101
1010111110110 1010110110110
1010111111001 1010110111001
1010111111001 1010111011001
1010111111010 1010110111010
1010111111010 1010111011010
1011000100101 1011000000101
1011000100110 1011000000110
1011000101100 1011000001100
1011000111001 1011000011001
1011001000101 1011000000101
1011001000101 1011000100101
1011001000110 1011000000110
1011001000110 1011000100110
1011001001001 1011000001001
1011001001010 1011000001010
1011001001100 1011000001100
1011001001100 1011000101100
1011001001101 1011000001101
1011001001110 1011000001110
1011001010100 1011000010100
1011001011000 1011000011000
1011001011001 1011000011001
1011001011001 1011000111001
1011001011100 1011000011100
1011001100110 1011000000110
1011001100110 1011000100110
1011001100110 1011001000110
1011001101100 1011000001100
1011001101100 1011000101100
1011001101100 1011001001100
1011001110001 1011000110001
1011001110010 1011000110010
1011001110100 1011000110100
1011001111001 1011000011001
1011001111001 1011000111001
1011001111001 1011001011001
1011001111010 1011001011010
1011011111001 1011011011001
1011011111010 1011011011010
1011100100101 1011100000101
1011100100110 1011100000110
1011100101100 1011100001100
1011100111001 1011100011001
1100001100110 1100001000110
1100001101100 1100001001100
1100001111001 1100001011001
1100001111010 1100001011010
1100010100101 1100010000101
1100010100110 1100010000110
1100010101100 1100010001100
1100010111001 1100010011001
1100011000110 1100010000110
1100011000110 1100010100110
1100011001100 1100010001100
1100011001100 1100010101100
1100011001101 1100010001101
1100011001110 1100010001110
1100011011000 1100010011000
1100011011001 1100010011001
1100011011001 1100010111001
1100011011010 1100010111010
1100011011100 1100010011100
1100011100011 1100010100011
1100011100110 1100010000110
1100011100110 1100010100110
1100011100110 1100011000110
1100011101100 1100010001100
1100011101100 1100010101100
1100011101100 1100011001100
1100011110001 1100010110001
1100011110010 1100010110010
1100011110100 1100010110100
1100011110101 1100010110101
1100011110110 1100010110110
1100011111001 1100010011001
1100011111001 1100010111001
1100011111001 1100011011001
1100011111010 1100010111010
1100011111010 1100011011010
1100100100101 1100100000101
1100100100110 1100100000110
1100100101100 1100100001100
1100100111001 1100100011001
1100101000101 1100100000101
1100101000101 1100100100101
1100101000110 1100100000110
1100101000110 1100100100110
1100101001001 1100100001001
1100101001010 1100100001010
1100101001100 1100100001100
1100101001100 1100100101100
1100101001101 1100100001101
1100101001110 1100100001110
1100101010011 1100100010011
1100101010011 1100100110011
1100101010100 1100100010100
1100101011000 1100100011000
1100101011001 1100100011001
1100101011001 1100100111001
1100101011100 1100100011100
1100101100011 1100100100011
1100101100110 1100100000110
1100101100110 1100100100110
1100101100110 1100101000110
1100101101100 1100100001100
1100101101100 1100100101100
1100101101100 1100101001100
1100101110001 1100100110001
1100101110010 1100100110010
1100101110100 1100100110100
1100101111001 1100100011001
1100101111001 1100100111001
1100101111001 1100101011001
1100101111010 1100101011010
1100110000110 1100100000110
1100110000110 1100100100110
1100110000110 1100101000110
1100110000110 1100101100110
1100110001100 1100100001100
1100110001100 1100100101100
1100110001100 1100101001100
1100110001100 1100101101100
1100110001101 1100100001101
1100110001101 1100101001101
1100110001110 1100100001110
1100110001110 1100101001110
1100110010011 1100100010011
1100110010011 1100100110011
1100110010011 1100101010011
1100110010011 1100101110011
1100110010110 1100100010110
1100110011000 1100100011000
1100110011000 1100101011000
1100110011001 1100100011001
1100110011001 1100100111001
1100110011001 1100101011001
1100110011001 1100101111001
1100110011010 1100100011010
1100110011100 1100100011100
1100110011100 1100101011100
1100110011101 1100100011101
1100110011110 1100100011110
1100110100011 1100100100011
1100110100011 1100101100011
1100110100101 1100110000101
1100110100110 1100100000110
1100110100110 1100100100110
1100110100110 1100101000110
1100110100110 1100101100110
1100110100110 1100110000110
1100110101100 1100100001100
1100110101100 1100100101100
1100110101100 1100101001100
1100110101100 1100101101100
1100110101100 1100110001100
1100110110000 1100100110000
1100110110001 1100100110001
1100110110001 1100101110001
1100110110010 1100100110010
1100110110010 1100101110010
1100110110011 1100100010011
1100110110011 1100100110011
1100110110011 1100101010011
1100110110011 1100101110011
1100110110011 1100110010011
1100110110100 1100100110100
1100110110100 1100101110100
1100110110101 1100101110101
1100110110110 1100101110110
1100110111000 1100100111000
1100110111001 1100100011001
1100110111001 1100100111001
1100110111001 1100101011001
1100110111001 1100101111001
1100110111001 1100110011001
1100110111010 1100101011010
1100110111010 1100101111010
1100110111100 1100100111100
1100111000011 1100101000011
1100111000110 1100100000110
1100111000110 1100100100110
1100111000110 1100101000110
1100111000110 1100101100110
1100111000110 1100110000110
1100111000110 1100110100110
1100111001100 1100100001100
1100111001100 1100100101100
1100111001100 1100101001100
1100111001100 1100101101100
1100111001100 1100110001100
1100111001100 1100110101100
1100111001101 1100100001101
1100111001101 1100101001101
1100111001101 1100110001101
1100111001110 1100100001110
1100111001110 1100101001110
1100111001110 1100110001110
1100111010011 1100100010011
1100111010011 1100100110011
1100111010011 1100101010011
1100111010011 1100101110011
1100111010011 1100110010011
1100111010011 1100110110011
1100111010110 1100101010110
1100111011000 1100100011000
1100111011000 1100101011000
1100111011000 1100110011000
1100111011001 1100100011001
1100111011001 1100100111001
1100111011001 1100101011001
1100111011001 1100101111001
1100111011001 1100110011001
1100111011001 1100110111001
1100111011010 1100101011010
1100111011010 1100101111010
1100111011010 1100110111010
1100111011100 1100100011100
1100111011100 1100101011100
1100111011100 1100110011100
1100111100001 1100101100001
1100111100010 1100101100010
1100111100011 1100100100011
1100111100011 1100101100011
1100111100011 1100110100011
1100111100100 1100101100100
1100111100101 1100101100101
1100111100110 1100100000110
1100111100110 1100100100110
1100111100110 1100101000110
1100111100110 1100101100110
1100111100110 1100110000110
1100111100110 1100110100110
1100111100110 1100111000110
1100111101000 1100101101000
1100111101001 1100101101001
1100111101010 1100101101010
1100111101100 1100100001100
1100111101100 1100100101100
1100111101100 1100101001100
1100111101100 1100101101100
1100111101100 1100110001100
1100111101100 1100110101100
1100111101100 1100111001100
1100111101101 1100101101101
1100111101110 1100101101110
1100111110001 1100100110001
1100111110001 1100101110001
1100111110001 1100110110001
1100111110010 1100100110010
1100111110010 1100101110010
1100111110010 1100110110010
1100111110011 1100100010011
1100111110011 1100100110011
1100111110011 1100101010011
1100111110011 1100101110011
1100111110011 1100110010011
1100111110011 1100110110011
1100111110011 1100111010011
1100111110100 1100100110100
1100111110100 1100101110100
1100111110100 1100110110100
1100111110101 1100101110101
1100111110101 1100110110101
1100111110110 1100101110110
1100111110110 1100110110110
1100111111001 1100100011001
1100111111001 1100100111001
1100111111001 1100101011001
1100111111001 1100101111001
1100111111001 1100110011001
1100111111001 1100110111001
1100111111001 1100111011001
1100111111010 1100101011010
1100111111010 1100101111010
1100111111010 1100110111010
1100111111010 1100111011010
1101000100101 1101000000101
1101000100110 1101000000110
1101000101100 1101000001100
1101000110011 1101000010011
1101000111001 1101000011001
1101001000101 1101000000101
1101001000101 1101000100101
1101001000110 1101000000110
1101001000110 1101000100110
1101001001001 1101000001001
1101001001010 1101000001010
1101001001011 1101000001011
1101001001100 1101000001100
1101001001100 1101000101100
1101001001101 1101000001101
1101001001110 1101000001110
1101001010011 1101000010011
1101001010011 1101000110011
1101001010100 1101000010100
1101001011000 1101000011000
1101001011001 1101000011001
1101001011001 1101000111001
1101001011100 1101000011100
1101001100011 1101000100011
1101001100110 1101000000110
1101001100110 1101000100110
1101001100110 1101001000110
1101001101100 1101000001100
1101001101100 1101000101100
1101001101100 1101001001100
1101001110001 1101000110001
1101001110010 1101000110010
1101001110011 1101000010011
1101001110011 1101000110011
1101001110011 1101001010011
1101001110100 1101000110100
1101001111001 1101000011001
1101001111001 1101000111001
1101001111001 1101001011001
1101001111010 1101001011010
1101011010011 1101010110011
1101011011001 1101010111001
1101011011010 1101010111010
1101011100011 1101010100011
1101011100110 1101010100110
1101011101011 1101010101011
1101011101100 1101010101100
1101011110001 1101010110001
1101011110010 1101010110010
1101011110011 1101010110011
1101011110011 1101011010011
1101011110100 1101010110100
1101011110101 1101010110101
1101011111001 1101010111001
1101011111001 1101011011001
1101011111010 1101010111010
1101011111010 1101011011010
1101100100101 1101100000101
1101100100110 1101100000110
1101100101100 1101100001100
1101100110011 1101100010011
1101100111001 1101100011001
1110001100110 1110001000110
1110001101100 1110001001100
1110001110011 1110001010011
1110001111001 1110001011001
1110001111010 1110001011010
1110010100101 1110010000101
1110010100110 1110010000110
1110010101100 1110010001100
1110010110011 1110010010011
1110010111001 1110010011001
1110011000110 1110010000110
1110011000110 1110010100110
1110011001011 1110010001011
1110011001100 1110010001100
1110011001100 1110010101100
1110011001101 1110010001101
1110011001110 1110010001110
1110011010011 1110010010011
1110011010011 1110010110011
1110011011000 1110010011000
1110011011001 1110010011001
1110011011001 1110010111001
1110011011010 1110010111010
1110011011100 1110010011100
1110011100011 1110010100011
1110011100110 1110010000110
1110011100110 1110010100110
1110011100110 1110011000110
1110011100111 1110010100111
1110011101011 1110010101011
1110011101100 1110010001100
1110011101100 1110010101100
1110011101100 1110011001100
1110011110001 1110010110001
1110011110010 1110010110010
1110011110011 1110010010011
1110011110011 1110010110011
1110011110011 1110011010011
1110011110100 1110010110100
1110011110101 1110010110101
1110011110110 1110010110110
1110011111001 1110010011001
1110011111001 1110010111001
1110011111001 1110011011001
1110011111010 1110010111010
1110011111010 1110011011010
1110100100101 1110100000101
1110100100110 1110100000110
1110100101100 1110100001100
1110100110011 1110100010011
1110100111001 1110100011001
1110101110011 1110101010011
1110101111001 1110101011001
1110101111010 1110101011010
1111001100110 1111001000110
1111001101100 1111001001100
1111001110011 1111001010011
1111001111001 1111001011001
1111001111010 1111001011010
