100011100110 100011000110
100011101100 100011001100
100011111010 100011011010
100100100110 100100000110
100100101100 100100001100
100110100110 100110000110
100110101100 100110001100
100111000110 100110000110
100111000110 100110100110
100111001100 100110001100
100111001100 100110101100
100111001110 100110001110
100111011000 100110011000
100111011001 100110011001
100111011001 100110111001
100111011010 100110111010
100111011100 100110011100
100111100110 100110000110
100111100110 100110100110
100111100110 100111000110
100111101100 100110001100
100111101100 100110101100
100111101100 100111001100
100111110001 100110110001
100111110010 100110110010
100111110100 100110110100
100111110110 100110110110
100111111001 100110011001
100111111001 100110111001
100111111001 100111011001
100111111010 100110111010
100111111010 100111011010
101000100110 101000000110
101000101100 101000001100
101001000101 101000000101
101001000101 101000100101
101001000110 101000000110
101001000110 101000100110
101001001001 101000001001
101001001010 101000001010
101001001100 101000001100
101001001100 101000101100
101001001110 101000001110
101001010100 101000010100
101001011000 101000011000
101001011001 101000011001
101001011100 101000011100
101011111001 101011011001
101011111010 101011011010
101100100101 101100000101
101100100110 101100000110
101100101100 101100001100
101100111001 101100011001
110001100110 110001000110
110001101100 110001001100
110001111001 110001011001
110001111010 110001011010
110010100101 110010000101
110010100110 110010000110
110010101100 110010001100
110010111001 110010011001
110011000110 110010000110
110011000110 110010100110
110011001100 110010001100
110011001100 110010101100
110011001101 110010001101
110011001110 110010001110
110011010011 110010010011
110011010011 110010110011
110011011000 110010011000
110011011001 110010011001
110011011001 110010111001
110011011010 110010111010
110011011100 110010011100
110011100011 110010100011
110011100110 110010000110
110011100110 110010100110
110011100110 110011000110
110011101100 110010001100
110011101100 110010101100
110011101100 110011001100
110011110001 110010110001
110011110010 110010110010
110011110011 110010010011
110011110011 110010110011
110011110011 110011010011
110011110100 110010110100
110011110101 110010110101
110011110110 110010110110
110011111001 110010011001
110011111001 110010111001
110011111001 110011011001
110011111010 110010111010
110011111010 110011011010
110100100101 110100000101
110100100110 110100000110
110100101100 110100001100
110100110011 110100010011
110100111001 110100011001
110101110011 110101010011
110101111001 110101011001
110101111010 110101011010
111001100110 111001000110
111001101100 111001001100
111001110011 111001010011
111001111001 111001011001
111001111010 111001011010
