10000011100110 10000011000110
10000011101100 10000011001100
10000011111010 10000011011010
10000100101100 10000100001100
10000110100110 10000110000110
10000110101100 10000110001100
10000111000110 10000110000110
10000111000110 10000110100110
10000111001100 10000110001100
10000111001100 10000110101100
10000111001110 10000110001110
10000111011000 10000110011000
10000111011010 10000110111010
10000111011100 10000110011100
10000111100110 10000110000110
10000111100110 10000110100110
10000111100110 10000111000110
10000111101100 10000110001100
10000111101100 10000110101100
10000111101100 10000111001100
10000111110010 10000110110010
10000111110100 10000110110100
10000111110110 10000110110110
10000111111010 10000110111010
10000111111010 10000111011010
10001000100110 10001000000110
10001000101100 10001000001100
10001001000110 10001000000110
10001001000110 10001000100110
10001001001100 10001000001100
10001001001100 10001000101100
10001001001110 10001000001110
10001001011000 10001000011000
10001001011100 10001000011100
10001010100110 10001010000110
10001010101100 10001010001100
10001011100110 10001011000110
10001011101100 10001011001100
10001011111010 10001011011010
10001100100110 10001100000110
10001100101100 10001100001100
10001101000110 10001100000110
10001101000110 10001100100110
10001101001010 10001100001010
10001101001100 10001100001100
10001101001100 10001100101100
10001101001110 10001100001110
10001101010100 10001100010100
10001101011000 10001100011000
10001101011100 10001100011100
10001101100110 10001100000110
10001101100110 10001100100110
10001101100110 10001101000110
10001101101100 10001100001100
10001101101100 10001100101100
10001101101100 10001101001100
10001101110010 10001100110010
10001101110100 10001100110100
10001101111010 10001101011010
10001110000110 10001100000110
10001110000110 10001100100110
10001110000110 10001101000110
10001110000110 10001101100110
10001110001100 10001100001100
10001110001100 10001100101100
10001110001100 10001101001100
10001110001100 10001101101100
10001110001110 10001100001110
10001110001110 10001101001110
10001110010110 10001100010110
10001110011000 10001100011000
10001110011000 10001101011000
10001110011010 10001100011010
10001110011100 10001100011100
10001110011100 10001101011100
10001110011110 10001100011110
10001110100110 10001100000110
10001110100110 10001100100110
10001110100110 10001101000110
10001110100110 10001101100110
10001110100110 10001110000110
10001110101100 10001100001100
10001110101100 10001100101100
10001110101100 10001101001100
10001110101100 10001101101100
10001110101100 10001110001100
10001110110000 10001100110000
10001110110001 10001100110001
10001110110001 10001101110001
10001110110010 10001100110010
10001110110010 10001101110010
10001110110100 10001100110100
10001110110100 10001101110100
10001110110110 10001101110110
10001110111000 10001100111000
10001110111010 10001101011010
10001110111010 10001101111010
10001110111100 10001100111100
10001111000110 10001100000110
10001111000110 10001100100110
10001111000110 10001101000110
10001111000110 10001101100110
10001111000110 10001110000110
10001111000110 10001110100110
10001111001100 10001100001100
10001111001100 10001100101100
10001111001100 10001101001100
10001111001100 10001101101100
10001111001100 10001110001100
10001111001100 10001110101100
10001111001110 10001100001110
10001111001110 10001101001110
10001111001110 10001110001110
10001111010110 10001101010110
10001111011000 10001100011000
10001111011000 10001101011000
10001111011000 10001110011000
10001111011010 10001101011010
10001111011010 10001101111010
10001111011010 10001110111010
10001111011100 10001100011100
10001111011100 10001101011100
10001111011100 10001110011100
10001111100001 10001101100001
10001111100010 10001101100010
10001111100100 10001101100100
10001111100110 10001100000110
10001111100110 10001100100110
10001111100110 10001101000110
10001111100110 10001101100110
10001111100110 10001110000110
10001111100110 10001110100110
10001111100110 10001111000110
10001111101000 10001101101000
10001111101010 10001101101010
10001111101100 10001100001100
10001111101100 10001100101100
10001111101100 10001101001100
10001111101100 10001101101100
10001111101100 10001110001100
10001111101100 10001110101100
10001111101100 10001111001100
10001111101110 10001101101110
10001111110001 10001100110001
10001111110001 10001101110001
10001111110001 10001110110001
10001111110010 10001100110010
10001111110010 10001101110010
10001111110010 10001110110010
10001111110100 10001100110100
10001111110100 10001101110100
10001111110100 10001110110100
10001111110110 10001101110110
10001111110110 10001110110110
10001111111010 10001101011010
10001111111010 10001101111010
10001111111010 10001110111010
10001111111010 10001111011010
10010000100110 10010000000110
10010000101100 10010000001100
10010001000110 10010000000110
10010001000110 10010000100110
10010001001010 10010000001010
10010001001100 10010000001100
10010001001100 10010000101100
10010001001110 10010000001110
10010001011000 10010000011000
10010001011100 10010000011100
10010010000110 10010000000110
10010010000110 10010000100110
10010010000110 10010001000110
10010010001001 10010000001001
10010010001001 10010001001001
10010010001010 10010000001010
10010010001010 10010001001010
10010010001100 10010000001100
10010010001100 10010000101100
10010010001100 10010001001100
10010010001110 10010000001110
10010010001110 10010001001110
10010010010010 10010000010010
10010010010100 10010000010100
10010010010110 10010000010110
10010010011000 10010000011000
10010010011000 10010001011000
10010010011010 10010000011010
10010010011100 10010000011100
10010010011100 10010001011100
10010010011110 10010000011110
10010010100110 10010000000110
10010010100110 10010000100110
10010010100110 10010001000110
10010010100110 10010010000110
10010010101100 10010000001100
10010010101100 10010000101100
10010010101100 10010001001100
10010010101100 10010010001100
10010010110000 10010000110000
10010010110001 10010000110001
10010010110010 10010000110010
10010010110100 10010000110100
10010010111000 10010000111000
10010010111100 10010000111100
10010011100110 10010011000110
10010011101100 10010011001100
10010011111010 10010011011010
10010100100110 10010100000110
10010100101100 10010100001100
10010101000110 10010100000110
10010101000110 10010100100110
10010101001010 10010100001010
10010101001100 10010100001100
10010101001100 10010100101100
10010101001110 10010100001110
10010101010100 10010100010100
10010101011000 10010100011000
10010101011100 10010100011100
10010110100110 10010110000110
10010110101100 10010110001100
10010111000110 10010110000110
10010111000110 10010110100110
10010111001100 10010110001100
10010111001100 10010110101100
10010111001110 10010110001110
10010111011000 10010110011000
10010111011010 10010110111010
10010111011100 10010110011100
10010111100110 10010110000110
10010111100110 10010110100110
10010111100110 10010111000110
10010111101100 10010110001100
10010111101100 10010110101100
10010111101100 10010111001100
10010111110001 10010110110001
10010111110010 10010110110010
10010111110100 10010110110100
10010111110110 10010110110110
10010111111010 10010110111010
10010111111010 10010111011010
10011000100110 10011000000110
10011000101100 10011000001100
10011001000110 10011000000110
10011001000110 10011000100110
10011001001001 10011000001001
10011001001010 10011000001010
10011001001100 10011000001100
10011001001100 10011000101100
10011001001110 10011000001110
10011001010100 10011000010100
10011001011000 10011000011000
10011001011100 10011000011100
10011001100110 10011000000110
10011001100110 10011000100110
10011001100110 10011001000110
10011001101100 10011000001100
10011001101100 10011000101100
10011001101100 10011001001100
10011001110001 10011000110001
10011001110010 10011000110010
10011001110100 10011000110100
10011001111010 10011001011010
10011010000110 10011000000110
10011010000110 10011000100110
10011010000110 10011001000110
10011010000110 10011001100110
10011010001001 10011000001001
10011010001001 10011001001001
10011010001010 10011000001010
10011010001010 10011001001010
10011010001100 10011000001100
10011010001100 10011000101100
10011010001100 10011001001100
10011010001100 10011001101100
10011010001110 10011000001110
10011010001110 10011001001110
10011010010001 10011000010001
10011010010010 10011000010010
10011010010100 10011000010100
10011010010100 10011001010100
10011010010110 10011000010110
10011010011000 10011000011000
10011010011000 10011001011000
10011010011001 10011000011001
10011010011001 10011000111001
10011010011001 10011001011001
10011010011001 10011001111001
10011010011010 10011000011010
10011010011100 10011000011100
10011010011100 10011001011100
10011010011110 10011000011110
10011010100110 10011000000110
10011010100110 10011000100110
10011010100110 10011001000110
10011010100110 10011001100110
10011010100110 10011010000110
10011010101000 10011000101000
10011010101001 10011000101001
10011010101100 10011000001100
10011010101100 10011000101100
10011010101100 10011001001100
10011010101100 10011001101100
10011010101100 10011010001100
10011010110000 10011000110000
10011010110001 10011000110001
10011010110001 10011001110001
10011010110010 10011000110010
10011010110010 10011001110010
10011010110100 10011000110100
10011010110100 10011001110100
10011010111000 10011000111000
10011010111100 10011000111100
10011011000110 10011000000110
10011011000110 10011000100110
10011011000110 10011001000110
10011011000110 10011001100110
10011011000110 10011010000110
10011011000110 10011010100110
10011011001100 10011000001100
10011011001100 10011000101100
10011011001100 10011001001100
10011011001100 10011001101100
10011011001100 10011010001100
10011011001100 10011010101100
10011011001110 10011000001110
10011011001110 10011001001110
10011011001110 10011010001110
10011011011000 10011000011000
10011011011000 10011001011000
10011011011000 10011010011000
10011011011001 10011000011001
10011011011001 10011000111001
10011011011001 10011001011001
10011011011001 10011001111001
10011011011001 10011010011001
10011011011001 10011010111001
10011011011010 10011010111010
10011011011100 10011000011100
10011011011100 10011001011100
10011011011100 10011010011100
10011011100001 10011001100001
10011011100010 10011001100010
10011011100100 10011001100100
10011011100110 10011000000110
10011011100110 10011000100110
10011011100110 10011001000110
10011011100110 10011001100110
10011011100110 10011010000110
10011011100110 10011010100110
10011011100110 10011011000110
10011011101000 10011001101000
10011011101001 10011001101001
10011011101100 10011000001100
10011011101100 10011000101100
10011011101100 10011001001100
10011011101100 10011001101100
10011011101100 10011010001100
10011011101100 10011010101100
10011011101100 10011011001100
10011011110001 10011000110001
10011011110001 10011001110001
10011011110001 10011010110001
10011011110010 10011000110010
10011011110010 10011001110010
10011011110010 10011010110010
10011011110100 10011000110100
10011011110100 10011001110100
10011011110100 10011010110100
10011011110110 10011010110110
10011011111010 10011010111010
10011011111010 10011011011010
10011100000110 10011000000110
10011100000110 10011000100110
10011100000110 10011001000110
10011100000110 10011001100110
10011100000110 10011010000110
10011100000110 10011010100110
10011100000110 10011011000110
10011100000110 10011011100110
10011100001100 10011000001100
10011100001100 10011000101100
10011100001100 10011001001100
10011100001100 10011001101100
10011100001100 10011010001100
10011100001100 10011010101100
10011100001100 10011011001100
10011100001100 10011011101100
10011100001110 10011000001110
10011100001110 10011001001110
10011100001110 10011010001110
10011100001110 10011011001110
10011100010110 10011000010110
10011100010110 10011010010110
10011100011000 10011000011000
10011100011000 10011001011000
10011100011000 10011010011000
10011100011000 10011011011000
10011100011001 10011000011001
10011100011001 10011000111001
10011100011001 10011001011001
10011100011001 10011001111001
10011100011001 10011010011001
10011100011001 10011010111001
10011100011001 10011011011001
10011100011001 10011011111001
10011100011010 10011000011010
10011100011010 10011010011010
10011100011100 10011000011100
10011100011100 10011001011100
10011100011100 10011010011100
10011100011100 10011011011100
10011100011110 10011000011110
10011100011110 10011010011110
10011100100110 10011000000110
10011100100110 10011000100110
10011100100110 10011001000110
10011100100110 10011001100110
10011100100110 10011010000110
10011100100110 10011010100110
10011100100110 10011011000110
10011100100110 10011011100110
10011100100110 10011100000110
10011100101100 10011000001100
10011100101100 10011000101100
10011100101100 10011001001100
10011100101100 10011001101100
10011100101100 10011010001100
10011100101100 10011010101100
10011100101100 10011011001100
10011100101100 10011011101100
10011100101100 10011100001100
10011100101110 10011000101110
10011100110000 10011000110000
10011100110000 10011010110000
10011100110001 10011000110001
10011100110001 10011001110001
10011100110001 10011010110001
10011100110001 10011011110001
10011100110010 10011000110010
10011100110010 10011001110010
10011100110010 10011010110010
10011100110010 10011011110010
10011100110100 10011000110100
10011100110100 10011001110100
10011100110100 10011010110100
10011100110100 10011011110100
10011100110110 10011000110110
10011100111000 10011000111000
10011100111000 10011010111000
10011100111001 10011000011001
10011100111001 10011000111001
10011100111001 10011001011001
10011100111001 10011001111001
10011100111001 10011010011001
10011100111001 10011010111001
10011100111001 10011011011001
10011100111001 10011011111001
10011100111001 10011100011001
10011100111010 10011000111010
10011100111100 10011000111100
10011100111100 10011010111100
10011100111110 10011000111110
10011101000110 10011000000110
10011101000110 10011000100110
10011101000110 10011001000110
10011101000110 10011001100110
10011101000110 10011010000110
10011101000110 10011010100110
10011101000110 10011011000110
10011101000110 10011011100110
10011101000110 10011100000110
10011101000110 10011100100110
10011101001001 10011100001001
10011101001010 10011100001010
10011101001100 10011000001100
10011101001100 10011000101100
10011101001100 10011001001100
10011101001100 10011001101100
10011101001100 10011010001100
10011101001100 10011010101100
10011101001100 10011011001100
10011101001100 10011011101100
10011101001100 10011100001100
10011101001100 10011100101100
10011101001110 10011000001110
10011101001110 10011001001110
10011101001110 10011010001110
10011101001110 10011011001110
10011101001110 10011100001110
10011101010100 10011100010100
10011101010110 10011011010110
10011101011000 10011000011000
10011101011000 10011001011000
10011101011000 10011010011000
10011101011000 10011011011000
10011101011000 10011100011000
10011101011001 10011000011001
10011101011001 10011000111001
10011101011001 10011001011001
10011101011001 10011001111001
10011101011001 10011010011001
10011101011001 10011010111001
10011101011001 10011011011001
10011101011001 10011011111001
10011101011001 10011100011001
10011101011001 10011100111001
10011101011010 10011010111010
10011101011010 10011011011010
10011101011010 10011011111010
10011101011100 10011000011100
10011101011100 10011001011100
10011101011100 10011010011100
10011101011100 10011011011100
10011101011100 10011100011100
10011101100000 10011001100000
10011101100001 10011001100001
10011101100001 10011011100001
10011101100010 10011001100010
10011101100010 10011011100010
10011101100100 10011001100100
10011101100100 10011011100100
10011101100110 10011000000110
10011101100110 10011000100110
10011101100110 10011001000110
10011101100110 10011001100110
10011101100110 10011010000110
10011101100110 10011010100110
10011101100110 10011011000110
10011101100110 10011011100110
10011101100110 10011100000110
10011101100110 10011100100110
10011101100110 10011101000110
10011101101000 10011001101000
10011101101000 10011011101000
10011101101001 10011001101001
10011101101001 10011011101001
10011101101010 10011011101010
10011101101100 10011000001100
10011101101100 10011000101100
10011101101100 10011001001100
10011101101100 10011001101100
10011101101100 10011010001100
10011101101100 10011010101100
10011101101100 10011011001100
10011101101100 10011011101100
10011101101100 10011100001100
10011101101100 10011100101100
10011101101100 10011101001100
10011101101110 10011011101110
10011101110000 10011001110000
10011101110001 10011000110001
10011101110001 10011001110001
10011101110001 10011010110001
10011101110001 10011011110001
10011101110001 10011100110001
10011101110010 10011000110010
10011101110010 10011001110010
10011101110010 10011010110010
10011101110010 10011011110010
10011101110010 10011100110010
10011101110100 10011000110100
10011101110100 10011001110100
10011101110100 10011010110100
10011101110100 10011011110100
10011101110100 10011100110100
10011101110110 10011010110110
10011101110110 10011011110110
10011101111000 10011001111000
10011101111010 10011010111010
10011101111010 10011011011010
10011101111010 10011011111010
10011101111010 10011101011010
10011101111100 10011001111100
10011110000110 10011000000110
10011110000110 10011000100110
10011110000110 10011001000110
10011110000110 10011001100110
10011110000110 10011010000110
10011110000110 10011010100110
10011110000110 10011011000110
10011110000110 10011011100110
10011110000110 10011100000110
10011110000110 10011100100110
10011110000110 10011101000110
10011110000110 10011101100110
10011110001100 10011000001100
10011110001100 10011000101100
10011110001100 10011001001100
10011110001100 10011001101100
10011110001100 10011010001100
10011110001100 10011010101100
10011110001100 10011011001100
10011110001100 10011011101100
10011110001100 10011100001100
10011110001100 10011100101100
10011110001100 10011101001100
10011110001100 10011101101100
10011110001110 10011000001110
10011110001110 10011001001110
10011110001110 10011010001110
10011110001110 10011011001110
10011110001110 10011100001110
10011110001110 10011101001110
10011110010110 10011000010110
10011110010110 10011010010110
10011110010110 10011100010110
10011110011000 10011000011000
10011110011000 10011001011000
10011110011000 10011010011000
10011110011000 10011011011000
10011110011000 10011100011000
10011110011000 10011101011000
10011110011001 10011000011001
10011110011001 10011000111001
10011110011001 10011001011001
10011110011001 10011001111001
10011110011001 10011010011001
10011110011001 10011010111001
10011110011001 10011011011001
10011110011001 10011011111001
10011110011001 10011100011001
10011110011001 10011100111001
10011110011001 10011101011001
10011110011001 10011101111001
10011110011010 10011000011010
10011110011010 10011010011010
10011110011010 10011100011010
10011110011100 10011000011100
10011110011100 10011001011100
10011110011100 10011010011100
10011110011100 10011011011100
10011110011100 10011100011100
10011110011100 10011101011100
10011110011110 10011000011110
10011110011110 10011010011110
10011110011110 10011100011110
10011110100110 10011000000110
10011110100110 10011000100110
10011110100110 10011001000110
10011110100110 10011001100110
10011110100110 10011010000110
10011110100110 10011010100110
10011110100110 10011011000110
10011110100110 10011011100110
10011110100110 10011100000110
10011110100110 10011100100110
10011110100110 10011101000110
10011110100110 10011101100110
10011110100110 10011110000110
10011110101100 10011000001100
10011110101100 10011000101100
10011110101100 10011001001100
10011110101100 10011001101100
10011110101100 10011010001100
10011110101100 10011010101100
10011110101100 10011011001100
10011110101100 10011011101100
10011110101100 10011100001100
10011110101100 10011100101100
10011110101100 10011101001100
10011110101100 10011101101100
10011110101100 10011110001100
10011110101110 10011010101110
10011110110000 10011000110000
10011110110000 10011010110000
10011110110000 10011100110000
10011110110001 10011000110001
10011110110001 10011001110001
10011110110001 10011010110001
10011110110001 10011011110001
10011110110001 10011100110001
10011110110001 10011101110001
10011110110010 10011000110010
10011110110010 10011001110010
10011110110010 10011010110010
10011110110010 10011011110010
10011110110010 10011100110010
10011110110010 10011101110010
10011110110100 10011000110100
10011110110100 10011001110100
10011110110100 10011010110100
10011110110100 10011011110100
10011110110100 10011100110100
10011110110100 10011101110100
10011110110110 10011010110110
10011110110110 10011011110110
10011110110110 10011101110110
10011110111000 10011000111000
10011110111000 10011010111000
10011110111000 10011100111000
10011110111001 10011000011001
10011110111001 10011000111001
10011110111001 10011001011001
10011110111001 10011001111001
10011110111001 10011010011001
10011110111001 10011010111001
10011110111001 10011011011001
10011110111001 10011011111001
10011110111001 10011100011001
10011110111001 10011100111001
10011110111001 10011101011001
10011110111001 10011101111001
10011110111001 10011110011001
10011110111010 10011010111010
10011110111010 10011011011010
10011110111010 10011011111010
10011110111010 10011101011010
10011110111010 10011101111010
10011110111100 10011000111100
10011110111100 10011010111100
10011110111100 10011100111100
10011111000001 10011011000001
10011111000010 10011011000010
10011111000100 10011011000100
10011111000110 10011000000110
10011111000110 10011000100110
10011111000110 10011001000110
10011111000110 10011001100110
10011111000110 10011010000110
10011111000110 10011010100110
10011111000110 10011011000110
10011111000110 10011011100110
10011111000110 10011100000110
10011111000110 10011100100110
10011111000110 10011101000110
10011111000110 10011101100110
10011111000110 10011110000110
10011111000110 10011110100110
10011111001000 10011011001000
10011111001001 10011011001001
10011111001010 10011011001010
10011111001100 10011000001100
10011111001100 10011000101100
10011111001100 10011001001100
10011111001100 10011001101100
10011111001100 10011010001100
10011111001100 10011010101100
10011111001100 10011011001100
10011111001100 10011011101100
10011111001100 10011100001100
10011111001100 10011100101100
10011111001100 10011101001100
10011111001100 10011101101100
10011111001100 10011110001100
10011111001100 10011110101100
10011111001110 10011000001110
10011111001110 10011001001110
10011111001110 10011010001110
10011111001110 10011011001110
10011111001110 10011100001110
10011111001110 10011101001110
10011111001110 10011110001110
10011111010000 10011011010000
10011111010001 10011011010001
10011111010010 10011011010010
10011111010100 10011011010100
10011111010110 10011011010110
10011111010110 10011101010110
10011111011000 10011000011000
10011111011000 10011001011000
10011111011000 10011010011000
10011111011000 10011011011000
10011111011000 10011100011000
10011111011000 10011101011000
10011111011000 10011110011000
10011111011001 10011000011001
10011111011001 10011000111001
10011111011001 10011001011001
10011111011001 10011001111001
10011111011001 10011010011001
10011111011001 10011010111001
10011111011001 10011011011001
10011111011001 10011011111001
10011111011001 10011100011001
10011111011001 10011100111001
10011111011001 10011101011001
10011111011001 10011101111001
10011111011001 10011110011001
10011111011001 10011110111001
10011111011010 10011010111010
10011111011010 10011011011010
10011111011010 10011011111010
10011111011010 10011101011010
10011111011010 10011101111010
10011111011010 10011110111010
10011111011100 10011000011100
10011111011100 10011001011100
10011111011100 10011010011100
10011111011100 10011011011100
10011111011100 10011100011100
10011111011100 10011101011100
10011111011100 10011110011100
10011111100001 10011001100001
10011111100001 10011011100001
10011111100001 10011101100001
10011111100010 10011001100010
10011111100010 10011011100010
10011111100010 10011101100010
10011111100100 10011001100100
10011111100100 10011011100100
10011111100100 10011101100100
10011111100110 10011000000110
10011111100110 10011000100110
10011111100110 10011001000110
10011111100110 10011001100110
10011111100110 10011010000110
10011111100110 10011010100110
10011111100110 10011011000110
10011111100110 10011011100110
10011111100110 10011100000110
10011111100110 10011100100110
10011111100110 10011101000110
10011111100110 10011101100110
10011111100110 10011110000110
10011111100110 10011110100110
10011111100110 10011111000110
10011111101000 10011001101000
10011111101000 10011011101000
10011111101000 10011101101000
10011111101001 10011001101001
10011111101001 10011011101001
10011111101001 10011101101001
10011111101010 10011011101010
10011111101010 10011101101010
10011111101100 10011000001100
10011111101100 10011000101100
10011111101100 10011001001100
10011111101100 10011001101100
10011111101100 10011010001100
10011111101100 10011010101100
10011111101100 10011011001100
10011111101100 10011011101100
10011111101100 10011100001100
10011111101100 10011100101100
10011111101100 10011101001100
10011111101100 10011101101100
10011111101100 10011110001100
10011111101100 10011110101100
10011111101100 10011111001100
10011111101110 10011011101110
10011111101110 10011101101110
10011111110001 10011000110001
10011111110001 10011001110001
10011111110001 10011010110001
10011111110001 10011011110001
10011111110001 10011100110001
10011111110001 10011101110001
10011111110001 10011110110001
10011111110010 10011000110010
10011111110010 10011001110010
10011111110010 10011010110010
10011111110010 10011011110010
10011111110010 10011100110010
10011111110010 10011101110010
10011111110010 10011110110010
10011111110100 10011000110100
10011111110100 10011001110100
10011111110100 10011010110100
10011111110100 10011011110100
10011111110100 10011100110100
10011111110100 10011101110100
10011111110100 10011110110100
10011111110110 10011010110110
10011111110110 10011011110110
10011111110110 10011101110110
10011111110110 10011110110110
10011111111001 10011000011001
10011111111001 10011000111001
10011111111001 10011001011001
10011111111001 10011001111001
10011111111001 10011010011001
10011111111001 10011010111001
10011111111001 10011011011001
10011111111001 10011011111001
10011111111001 10011100011001
10011111111001 10011100111001
10011111111001 10011101011001
10011111111001 10011101111001
10011111111001 10011110011001
10011111111001 10011110111001
10011111111001 10011111011001
10011111111010 10011010111010
10011111111010 10011011011010
10011111111010 10011011111010
10011111111010 10011101011010
10011111111010 10011101111010
10011111111010 10011110111010
10011111111010 10011111011010
10100000100110 10100000000110
10100000101100 10100000001100
10100001000110 10100000000110
10100001000110 10100000100110
10100001001001 10100000001001
10100001001010 10100000001010
10100001001100 10100000001100
10100001001100 10100000101100
10100001001110 10100000001110
10100001010100 10100000010100
10100001011000 10100000011000
10100001011001 10100000011001
10100001011100 10100000011100
10100010000101 10100000000101
10100010000101 10100000100101
10100010000101 10100001000101
10100010000110 10100000000110
10100010000110 10100000100110
10100010000110 10100001000110
10100010001001 10100000001001
10100010001001 10100001001001
10100010001010 10100000001010
10100010001010 10100001001010
10100010001100 10100000001100
10100010001100 10100000101100
10100010001100 10100001001100
10100010001110 10100000001110
10100010001110 10100001001110
10100010010010 10100000010010
10100010010100 10100000010100
10100010010100 10100001010100
10100010010110 10100000010110
10100010011000 10100000011000
10100010011000 10100001011000
10100010011001 10100000011001
10100010011001 10100001011001
10100010011010 10100000011010
10100010011100 10100000011100
10100010011100 10100001011100
10100010011110 10100000011110
10100010100110 10100000000110
10100010100110 10100000100110
10100010100110 10100001000110
10100010100110 10100010000110
10100010101000 10100000101000
10100010101001 10100000101001
10100010101100 10100000001100
10100010101100 10100000101100
10100010101100 10100001001100
10100010101100 10100010001100
10100010110000 10100000110000
10100010110001 10100000110001
10100010110010 10100000110010
10100010110100 10100000110100
10100010111000 10100000111000
10100010111001 10100000111001
10100010111100 10100000111100
10100011100110 10100011000110
10100011101100 10100011001100
10100011111001 10100011011001
10100011111010 10100011011010
10100100000101 10100000000101
10100100000101 10100000100101
10100100000101 10100001000101
10100100000101 10100010000101
10100100000101 10100010100101
10100100000110 10100000000110
10100100000110 10100000100110
10100100000110 10100001000110
10100100000110 10100010000110
10100100000110 10100010100110
10100100001001 10100000001001
10100100001001 10100001001001
10100100001001 10100010001001
10100100001010 10100000001010
10100100001010 10100001001010
10100100001010 10100010001010
10100100001100 10100000001100
10100100001100 10100000101100
10100100001100 10100001001100
10100100001100 10100010001100
10100100001100 10100010101100
10100100001110 10100000001110
10100100001110 10100001001110
10100100001110 10100010001110
10100100010001 10100000010001
10100100010010 10100000010010
10100100010010 10100010010010
10100100010100 10100000010100
10100100010100 10100001010100
10100100010100 10100010010100
10100100010110 10100000010110
10100100010110 10100010010110
10100100011000 10100000011000
10100100011000 10100001011000
10100100011000 10100010011000
10100100011001 10100000011001
10100100011001 10100001011001
10100100011001 10100010011001
10100100011010 10100000011010
10100100011010 10100010011010
10100100011100 10100000011100
10100100011100 10100001011100
10100100011100 10100010011100
10100100011110 10100000011110
10100100011110 10100010011110
10100100100100 10100000100100
10100100100101 10100000000101
10100100100101 10100000100101
10100100100101 10100001000101
10100100100101 10100010000101
10100100100101 10100010100101
10100100100101 10100100000101
10100100100110 10100000000110
10100100100110 10100000100110
10100100100110 10100001000110
10100100100110 10100010000110
10100100100110 10100010100110
10100100100110 10100100000110
10100100101000 10100000101000
10100100101000 10100010101000
10100100101001 10100000101001
10100100101001 10100010101001
10100100101010 10100000101010
10100100101100 10100000001100
10100100101100 10100000101100
10100100101100 10100001001100
10100100101100 10100010001100
10100100101100 10100010101100
10100100101100 10100100001100
10100100101110 10100000101110
10100100110000 10100000110000
10100100110000 10100010110000
10100100110001 10100000110001
10100100110001 10100010110001
10100100110010 10100000110010
10100100110010 10100010110010
10100100110100 10100000110100
10100100110100 10100010110100
10100100110110 10100000110110
10100100111000 10100000111000
10100100111000 10100010111000
10100100111001 10100000111001
10100100111001 10100010111001
10100100111010 10100000111010
10100100111100 10100000111100
10100100111100 10100010111100
10100100111110 10100000111110
10100101000101 10100000000101
10100101000101 10100000100101
10100101000101 10100001000101
10100101000101 10100010000101
10100101000101 10100010100101
10100101000101 10100100000101
10100101000101 10100100100101
10100101000110 10100000000110
10100101000110 10100000100110
10100101000110 10100001000110
10100101000110 10100010000110
10100101000110 10100010100110
10100101000110 10100100000110
10100101000110 10100100100110
10100101001010 10100000001010
10100101001010 10100001001010
10100101001010 10100010001010
10100101001010 10100100001010
10100101001100 10100000001100
10100101001100 10100000101100
10100101001100 10100001001100
10100101001100 10100010001100
10100101001100 10100010101100
10100101001100 10100100001100
10100101001100 10100100101100
10100101001110 10100000001110
10100101001110 10100001001110
10100101001110 10100010001110
10100101001110 10100100001110
10100101010000 10100001010000
10100101010001 10100001010001
10100101010010 10100001010010
10100101010100 10100000010100
10100101010100 10100001010100
10100101010100 10100010010100
10100101010100 10100100010100
10100101011000 10100000011000
10100101011000 10100001011000
10100101011000 10100010011000
10100101011000 10100100011000
10100101011001 10100000011001
10100101011001 10100001011001
10100101011001 10100010011001
10100101011001 10100100011001
10100101011100 10100000011100
10100101011100 10100001011100
10100101011100 10100010011100
10100101011100 10100100011100
10100101100000 10100001100000
10100101100001 10100001100001
10100101100010 10100001100010
10100101100100 10100001100100
10100101100110 10100001100110
10100101101000 10100001101000
10100101101001 10100001101001
10100101101100 10100001101100
10100101110000 10100001110000
10100101110001 10100001110001
10100101110010 10100001110010
10100101110100 10100001110100
10100101111000 10100001111000
10100101111001 10100001111001
10100101111100 10100001111100
10100110100101 10100110000101
10100110100110 10100110000110
10100110101100 10100110001100
10100110111001 10100110011001
10100111000110 10100110000110
10100111000110 10100110100110
10100111001100 10100110001100
10100111001100 10100110101100
10100111001110 10100110001110
10100111011000 10100110011000
10100111011001 10100110011001
10100111011001 10100110111001
10100111011010 10100110111010
10100111011100 10100110011100
10100111100110 10100110000110
10100111100110 10100110100110
10100111100110 10100111000110
10100111101100 10100110001100
10100111101100 10100110101100
10100111101100 10100111001100
10100111110001 10100110110001
10100111110010 10100110110010
10100111110100 10100110110100
10100111110110 10100110110110
10100111111001 10100110011001
10100111111001 10100110111001
10100111111001 10100111011001
10100111111010 10100110111010
10100111111010 10100111011010
10101000100101 10101000000101
10101000100110 10101000000110
10101000101100 10101000001100
10101001000101 10101000000101
10101001000101 10101000100101
10101001000110 10101000000110
10101001000110 10101000100110
10101001001001 10101000001001
10101001001010 10101000001010
10101001001100 10101000001100
10101001001100 10101000101100
10101001001110 10101000001110
10101001010100 10101000010100
10101001011000 10101000011000
10101001011001 10101000011001
10101001011100 10101000011100
10101011111001 10101011011001
10101011111010 10101011011010
10101100100101 10101100000101
10101100100110 10101100000110
10101100101100 10101100001100
10101100111001 10101100011001
10101101111001 10101101011001
10101101111010 10101101011010
10101110100110 10101101100110
10101110101100 10101101101100
10101110110001 10101101110001
10101110110010 10101101110010
10101110110100 10101101110100
10101110110101 10101101110101
10101110110110 10101101110110
10101110111001 10101101011001
10101110111001 10101101111001
10101110111010 10101101011010
10101110111010 10101101111010
10101111000110 10101101000110
10101111001100 10101101001100
10101111001110 10101101001110
10101111010110 10101101010110
10101111011000 10101101011000
10101111011001 10101101011001
10101111011001 10101101111001
10101111011001 10101110111001
10101111011010 10101101011010
10101111011010 10101101111010
10101111011010 10101110111010
10101111011100 10101101011100
10101111100001 10101101100001
10101111100010 10101101100010
10101111100100 10101101100100
10101111100101 10101101100101
10101111100110 10101101100110
10101111100110 10101110100110
10101111101000 10101101101000
10101111101001 10101101101001
10101111101010 10101101101010
10101111101100 10101101101100
10101111101100 10101110101100
10101111110001 10101101110001
10101111110001 10101110110001
10101111110010 10101101110010
10101111110010 10101110110010
10101111110100 10101101110100
10101111110100 10101110110100
10101111110101 10101101110101
10101111110101 10101110110101
10101111110110 10101101110110
10101111110110 10101110110110
10101111111001 10101101011001
10101111111001 10101101111001
10101111111001 10101110111001
10101111111001 10101111011001
10101111111010 10101101011010
10101111111010 10101101111010
10101111111010 10101110111010
10101111111010 10101111011010
10110000100101 10110000000101
10110000100110 10110000000110
10110000101100 10110000001100
10110000111001 10110000011001
10110001000101 10110000000101
10110001000101 10110000100101
10110001000110 10110000000110
10110001000110 10110000100110
10110001001001 10110000001001
10110001001010 10110000001010
10110001001100 10110000001100
10110001001100 10110000101100
10110001001110 10110000001110
10110001010100 10110000010100
10110001011000 10110000011000
10110001011001 10110000011001
10110001011001 10110000111001
10110001011100 10110000011100
10110001100110 10110000000110
10110001100110 10110000100110
10110001100110 10110001000110
10110001101100 10110000001100
10110001101100 10110000101100
10110001101100 10110001001100
10110001110001 10110000110001
10110001110010 10110000110010
10110001110100 10110000110100
10110001111001 10110000011001
10110001111001 10110000111001
10110001111001 10110001011001
10110001111010 10110001011010
10110010000101 10110000000101
10110010000101 10110000100101
10110010000101 10110001000101
10110010000110 10110000000110
10110010000110 10110000100110
10110010000110 10110001000110
10110010000110 10110001100110
10110010001001 10110000001001
10110010001001 10110001001001
10110010001010 10110000001010
10110010001010 10110001001010
10110010001100 10110000001100
10110010001100 10110000101100
10110010001100 10110001001100
10110010001100 10110001101100
10110010001101 10110000001101
10110010001101 10110001001101
10110010001110 10110000001110
10110010001110 10110001001110
10110010010001 10110000010001
10110010010010 10110000010010
10110010010100 10110000010100
10110010010100 10110001010100
10110010010101 10110000010101
10110010010110 10110000010110
10110010011000 10110000011000
10110010011000 10110001011000
10110010011001 10110000011001
10110010011001 10110000111001
10110010011001 10110001011001
10110010011001 10110001111001
10110010011010 10110000011010
10110010011100 10110000011100
10110010011100 10110001011100
10110010011110 10110000011110
10110010100101 10110000000101
10110010100101 10110000100101
10110010100101 10110001000101
10110010100101 10110010000101
10110010100110 10110000000110
10110010100110 10110000100110
10110010100110 10110001000110
10110010100110 10110001100110
10110010100110 10110010000110
10110010101000 10110000101000
10110010101001 10110000101001
10110010101100 10110000001100
10110010101100 10110000101100
10110010101100 10110001001100
10110010101100 10110001101100
10110010101100 10110010001100
10110010110000 10110000110000
10110010110001 10110000110001
10110010110001 10110001110001
10110010110010 10110000110010
10110010110010 10110001110010
10110010110100 10110000110100
10110010110100 10110001110100
10110010111000 10110000111000
10110010111001 10110000011001
10110010111001 10110000111001
10110010111001 10110001011001
10110010111001 10110001111001
10110010111001 10110010011001
10110010111100 10110000111100
10110011000110 10110000000110
10110011000110 10110000100110
10110011000110 10110001000110
10110011000110 10110001100110
10110011000110 10110010000110
10110011000110 10110010100110
10110011001100 10110000001100
10110011001100 10110000101100
10110011001100 10110001001100
10110011001100 10110001101100
10110011001100 10110010001100
10110011001100 10110010101100
10110011001101 10110000001101
10110011001101 10110001001101
10110011001101 10110010001101
10110011001110 10110000001110
10110011001110 10110001001110
10110011001110 10110010001110
10110011011000 10110000011000
10110011011000 10110001011000
10110011011000 10110010011000
10110011011001 10110000011001
10110011011001 10110000111001
10110011011001 10110001011001
10110011011001 10110001111001
10110011011001 10110010011001
10110011011001 10110010111001
10110011011010 10110010111010
10110011011100 10110000011100
10110011011100 10110001011100
10110011011100 10110010011100
10110011100001 10110001100001
10110011100010 10110001100010
10110011100100 10110001100100
10110011100101 10110001100101
10110011100110 10110000000110
10110011100110 10110000100110
10110011100110 10110001000110
10110011100110 10110001100110
10110011100110 10110010000110
10110011100110 10110010100110
10110011100110 10110011000110
10110011101000 10110001101000
10110011101001 10110001101001
10110011101100 10110000001100
10110011101100 10110000101100
10110011101100 10110001001100
10110011101100 10110001101100
10110011101100 10110010001100
10110011101100 10110010101100
10110011101100 10110011001100
10110011110001 10110000110001
10110011110001 10110001110001
10110011110001 10110010110001
10110011110010 10110000110010
10110011110010 10110001110010
10110011110010 10110010110010
10110011110100 10110000110100
10110011110100 10110001110100
10110011110100 10110010110100
10110011110101 10110010110101
10110011110110 10110010110110
10110011111001 10110000011001
10110011111001 10110000111001
10110011111001 10110001011001
10110011111001 10110001111001
10110011111001 10110010011001
10110011111001 10110010111001
10110011111001 10110011011001
10110011111010 10110010111010
10110011111010 10110011011010
10110100100101 10110100000101
10110100100110 10110100000110
10110100101100 10110100001100
10110100111001 10110100011001
10110101111001 10110101011001
10110101111010 10110101011010
10110111011001 10110110111001
10110111011010 10110110111010
10110111100110 10110110100110
10110111101100 10110110101100
10110111110001 10110110110001
10110111110010 10110110110010
10110111110100 10110110110100
10110111110101 10110110110101
10110111110110 10110110110110
10110111111001 10110110111001
10110111111001 10110111011001
10110111111010 10110110111010
10110111111010 10110111011010
10111000100101 10111000000101
10111000100110 10111000000110
10111000101100 10111000001100
10111000111001 10111000011001
10111001000101 10111000000101
10111001000101 10111000100101
10111001000110 10111000000110
10111001000110 10111000100110
10111001001001 10111000001001
10111001001010 10111000001010
10111001001100 10111000001100
10111001001100 10111000101100
10111001001101 10111000001101
10111001001110 10111000001110
10111001010100 10111000010100
10111001011000 10111000011000
10111001011001 10111000011001
10111001011001 10111000111001
10111001011100 10111000011100
10111001100110 10111000000110
10111001100110 10111000100110
10111001100110 10111001000110
10111001101100 10111000001100
10111001101100 10111000101100
10111001101100 10111001001100
10111001110001 10111000110001
10111001110010 10111000110010
10111001110100 10111000110100
10111001111001 10111000011001
10111001111001 10111000111001
10111001111001 10111001011001
10111001111010 10111001011010
10111011111001 10111011011001
10111100100101 10111100000101
10111100100110 10111100000110
10111100101100 10111100001100
10111100111001 10111100011001
11000001100110 11000001000110
11000001101100 11000001001100
11000001111001 11000001011001
11000001111010 11000001011010
11000010100101 11000010000101
11000010100110 11000010000110
11000010101100 11000010001100
11000010111001 11000010011001
11000011000110 11000010000110
11000011000110 11000010100110
11000011001100 11000010001100
11000011001100 11000010101100
11000011001101 11000010001101
11000011001110 11000010001110
11000011011000 11000010011000
11000011011001 11000010011001
11000011011001 11000010111001
11000011011010 11000010111010
11000011011100 11000010011100
11000011100110 11000010000110
11000011100110 11000010100110
11000011100110 11000011000110
11000011101100 11000010001100
11000011101100 11000010101100
11000011101100 11000011001100
11000011110001 11000010110001
11000011110010 11000010110010
11000011110100 11000010110100
11000011110101 11000010110101
11000011110110 11000010110110
11000011111001 11000010011001
11000011111001 11000010111001
11000011111001 11000011011001
11000011111010 11000010111010
11000011111010 11000011011010
11000100100101 11000100000101
11000100100110 11000100000110
11000100101100 11000100001100
11000100111001 11000100011001
11000101000101 11000100000101
11000101000101 11000100100101
11000101000110 11000100000110
11000101000110 11000100100110
11000101001001 11000100001001
11000101001010 11000100001010
11000101001100 11000100001100
11000101001100 11000100101100
11000101001101 11000100001101
11000101001110 11000100001110
11000101010100 11000100010100
11000101011000 11000100011000
11000101011001 11000100011001
11000101011001 11000100111001
11000101011100 11000100011100
11000101100110 11000100000110
11000101100110 11000100100110
11000101100110 11000101000110
11000101101100 11000100001100
11000101101100 11000100101100
11000101101100 11000101001100
11000101110001 11000100110001
11000101110010 11000100110010
11000101110100 11000100110100
11000101111001 11000100011001
11000101111001 11000100111001
11000101111001 11000101011001
11000101111010 11000101011010
11000110000110 11000100000110
11000110000110 11000100100110
11000110000110 11000101000110
11000110000110 11000101100110
11000110001100 11000100001100
11000110001100 11000100101100
11000110001100 11000101001100
11000110001100 11000101101100
11000110001101 11000100001101
11000110001101 11000101001101
11000110001110 11000100001110
11000110001110 11000101001110
11000110010110 11000100010110
11000110011000 11000100011000
11000110011000 11000101011000
11000110011001 11000100011001
11000110011001 11000100111001
11000110011001 11000101011001
11000110011001 11000101111001
11000110011010 11000100011010
11000110011100 11000100011100
11000110011100 11000101011100
11000110011101 11000100011101
11000110011110 11000100011110
11000110100011 11000100100011
11000110100011 11000101100011
11000110100101 11000110000101
11000110100110 11000100000110
11000110100110 11000100100110
11000110100110 11000101000110
11000110100110 11000101100110
11000110100110 11000110000110
11000110101100 11000100001100
11000110101100 11000100101100
11000110101100 11000101001100
11000110101100 11000101101100
11000110101100 11000110001100
11000110110000 11000100110000
11000110110001 11000100110001
11000110110001 11000101110001
11000110110010 11000100110010
11000110110010 11000101110010
11000110110100 11000100110100
11000110110100 11000101110100
11000110110101 11000101110101
11000110110110 11000101110110
11000110111000 11000100111000
11000110111001 11000100011001
11000110111001 11000100111001
11000110111001 11000101011001
11000110111001 11000101111001
11000110111001 11000110011001
11000110111010 11000101011010
11000110111010 11000101111010
11000110111100 11000100111100
11000111000011 11000101000011
11000111000110 11000100000110
11000111000110 11000100100110
11000111000110 11000101000110
11000111000110 11000101100110
11000111000110 11000110000110
11000111000110 11000110100110
11000111001100 11000100001100
11000111001100 11000100101100
11000111001100 11000101001100
11000111001100 11000101101100
11000111001100 11000110001100
11000111001100 11000110101100
11000111001101 11000100001101
11000111001101 11000101001101
11000111001101 11000110001101
11000111001110 11000100001110
11000111001110 11000101001110
11000111001110 11000110001110
11000111010110 11000101010110
11000111011000 11000100011000
11000111011000 11000101011000
11000111011000 11000110011000
11000111011001 11000100011001
11000111011001 11000100111001
11000111011001 11000101011001
11000111011001 11000101111001
11000111011001 11000110011001
11000111011001 11000110111001
11000111011010 11000101011010
11000111011010 11000101111010
11000111011010 11000110111010
11000111011100 11000100011100
11000111011100 11000101011100
11000111011100 11000110011100
11000111100001 11000101100001
11000111100010 11000101100010
11000111100011 11000100100011
11000111100011 11000101100011
11000111100011 11000110100011
11000111100100 11000101100100
11000111100101 11000101100101
11000111100110 11000100000110
11000111100110 11000100100110
11000111100110 11000101000110
11000111100110 11000101100110
11000111100110 11000110000110
11000111100110 11000110100110
11000111100110 11000111000110
11000111101000 11000101101000
11000111101001 11000101101001
11000111101010 11000101101010
11000111101100 11000100001100
11000111101100 11000100101100
11000111101100 11000101001100
11000111101100 11000101101100
11000111101100 11000110001100
11000111101100 11000110101100
11000111101100 11000111001100
11000111101101 11000101101101
11000111101110 11000101101110
11000111110001 11000100110001
11000111110001 11000101110001
11000111110001 11000110110001
11000111110010 11000100110010
11000111110010 11000101110010
11000111110010 11000110110010
11000111110100 11000100110100
11000111110100 11000101110100
11000111110100 11000110110100
11000111110101 11000101110101
11000111110101 11000110110101
11000111110110 11000101110110
11000111110110 11000110110110
11000111111001 11000100011001
11000111111001 11000100111001
11000111111001 11000101011001
11000111111001 11000101111001
11000111111001 11000110011001
11000111111001 11000110111001
11000111111001 11000111011001
11000111111010 11000101011010
11000111111010 11000101111010
11000111111010 11000110111010
11000111111010 11000111011010
11001000100101 11001000000101
11001000100110 11001000000110
11001000101100 11001000001100
11001000111001 11001000011001
11001001000101 11001000000101
11001001000101 11001000100101
11001001000110 11001000000110
11001001000110 11001000100110
11001001001001 11001000001001
11001001001010 11001000001010
11001001001100 11001000001100
11001001001100 11001000101100
11001001001101 11001000001101
11001001001110 11001000001110
11001001010100 11001000010100
11001001011000 11001000011000
11001001011001 11001000011001
11001001011001 11001000111001
11001001011100 11001000011100
11001001100011 11001000100011
11001001100110 11001000000110
11001001100110 11001000100110
11001001100110 11001001000110
11001001101100 11001000001100
11001001101100 11001000101100
11001001101100 11001001001100
11001001110001 11001000110001
11001001110010 11001000110010
11001001110100 11001000110100
11001001111001 11001000011001
11001001111001 11001000111001
11001001111001 11001001011001
11001001111010 11001001011010
11001010000101 11001000000101
11001010000101 11001000100101
11001010000101 11001001000101
11001010000110 11001000000110
11001010000110 11001000100110
11001010000110 11001001000110
11001010000110 11001001100110
11001010001001 11001000001001
11001010001001 11001001001001
11001010001010 11001000001010
11001010001010 11001001001010
11001010001100 11001000001100
11001010001100 11001000101100
11001010001100 11001001001100
11001010001100 11001001101100
11001010001101 11001000001101
11001010001101 11001001001101
11001010001110 11001000001110
11001010001110 11001001001110
11001010010010 11001000010010
11001010010011 11001000010011
11001010010011 11001000110011
11001010010011 11001001010011
11001010010011 11001001110011
11001010010100 11001000010100
11001010010100 11001001010100
11001010010101 11001000010101
11001010010110 11001000010110
11001010011000 11001000011000
11001010011000 11001001011000
11001010011001 11001000011001
11001010011001 11001000111001
11001010011001 11001001011001
11001010011001 11001001111001
11001010011010 11001000011010
11001010011100 11001000011100
11001010011100 11001001011100
11001010011101 11001000011101
11001010011110 11001000011110
11001010100011 11001000100011
11001010100011 11001001100011
11001010100101 11001000000101
11001010100101 11001000100101
11001010100101 11001001000101
11001010100101 11001010000101
11001010100110 11001000000110
11001010100110 11001000100110
11001010100110 11001001000110
11001010100110 11001001100110
11001010100110 11001010000110
11001010101000 11001000101000
11001010101001 11001000101001
11001010101100 11001000001100
11001010101100 11001000101100
11001010101100 11001001001100
11001010101100 11001001101100
11001010101100 11001010001100
11001010110000 11001000110000
11001010110001 11001000110001
11001010110001 11001001110001
11001010110010 11001000110010
11001010110010 11001001110010
11001010110100 11001000110100
11001010110100 11001001110100
11001010111000 11001000111000
11001010111001 11001000011001
11001010111001 11001000111001
11001010111001 11001001011001
11001010111001 11001001111001
11001010111001 11001010011001
11001010111100 11001000111100
11001011000011 11001001000011
11001011000110 11001000000110
11001011000110 11001000100110
11001011000110 11001001000110
11001011000110 11001001100110
11001011000110 11001010000110
11001011000110 11001010100110
11001011001100 11001000001100
11001011001100 11001000101100
11001011001100 11001001001100
11001011001100 11001001101100
11001011001100 11001010001100
11001011001100 11001010101100
11001011001101 11001000001101
11001011001101 11001001001101
11001011001101 11001010001101
11001011001110 11001000001110
11001011001110 11001001001110
11001011001110 11001010001110
11001011010011 11001000010011
11001011010011 11001000110011
11001011010011 11001001010011
11001011010011 11001001110011
11001011010011 11001010010011
11001011010011 11001010110011
11001011011000 11001000011000
11001011011000 11001001011000
11001011011000 11001010011000
11001011011001 11001000011001
11001011011001 11001000111001
11001011011001 11001001011001
11001011011001 11001001111001
11001011011001 11001010011001
11001011011001 11001010111001
11001011011010 11001010111010
11001011011100 11001000011100
11001011011100 11001001011100
11001011011100 11001010011100
11001011100001 11001001100001
11001011100010 11001001100010
11001011100011 11001000100011
11001011100011 11001001100011
11001011100011 11001010100011
11001011100100 11001001100100
11001011100101 11001001100101
11001011100110 11001000000110
11001011100110 11001000100110
11001011100110 11001001000110
11001011100110 11001001100110
11001011100110 11001010000110
11001011100110 11001010100110
11001011100110 11001011000110
11001011101000 11001001101000
11001011101001 11001001101001
11001011101100 11001000001100
11001011101100 11001000101100
11001011101100 11001001001100
11001011101100 11001001101100
11001011101100 11001010001100
11001011101100 11001010101100
11001011101100 11001011001100
11001011110001 11001000110001
11001011110001 11001001110001
11001011110001 11001010110001
11001011110010 11001000110010
11001011110010 11001001110010
11001011110010 11001010110010
11001011110100 11001000110100
11001011110100 11001001110100
11001011110100 11001010110100
11001011110101 11001010110101
11001011110110 11001010110110
11001011111001 11001000011001
11001011111001 11001000111001
11001011111001 11001001011001
11001011111001 11001001111001
11001011111001 11001010011001
11001011111001 11001010111001
11001011111001 11001011011001
11001011111010 11001010111010
11001011111010 11001011011010
11001100000110 11001000000110
11001100000110 11001000100110
11001100000110 11001001000110
11001100000110 11001001100110
11001100000110 11001010000110
11001100000110 11001010100110
11001100000110 11001011000110
11001100000110 11001011100110
11001100001100 11001000001100
11001100001100 11001000101100
11001100001100 11001001001100
11001100001100 11001001101100
11001100001100 11001010001100
11001100001100 11001010101100
11001100001100 11001011001100
11001100001100 11001011101100
11001100001101 11001000001101
11001100001101 11001001001101
11001100001101 11001010001101
11001100001101 11001011001101
11001100001110 11001000001110
11001100001110 11001001001110
11001100001110 11001010001110
11001100001110 11001011001110
11001100010011 11001000010011
11001100010011 11001000110011
11001100010011 11001001010011
11001100010011 11001001110011
11001100010011 11001010010011
11001100010011 11001010110011
11001100010011 11001011010011
11001100010011 11001011110011
11001100010110 11001000010110
11001100010110 11001010010110
11001100011000 11001000011000
11001100011000 11001001011000
11001100011000 11001010011000
11001100011000 11001011011000
11001100011001 11001000011001
11001100011001 11001000111001
11001100011001 11001001011001
11001100011001 11001001111001
11001100011001 11001010011001
11001100011001 11001010111001
11001100011001 11001011011001
11001100011001 11001011111001
11001100011010 11001000011010
11001100011010 11001010011010
11001100011100 11001000011100
11001100011100 11001001011100
11001100011100 11001010011100
11001100011100 11001011011100
11001100011101 11001000011101
11001100011101 11001010011101
11001100011110 11001000011110
11001100011110 11001010011110
11001100100011 11001000100011
11001100100011 11001001100011
11001100100011 11001010100011
11001100100011 11001011100011
11001100100101 11001100000101
11001100100110 11001000000110
11001100100110 11001000100110
11001100100110 11001001000110
11001100100110 11001001100110
11001100100110 11001010000110
11001100100110 11001010100110
11001100100110 11001011000110
11001100100110 11001011100110
11001100100110 11001100000110
11001100101100 11001000001100
11001100101100 11001000101100
11001100101100 11001001001100
11001100101100 11001001101100
11001100101100 11001010001100
11001100101100 11001010101100
11001100101100 11001011001100
11001100101100 11001011101100
11001100101100 11001100001100
11001100101101 11001000101101
11001100101110 11001000101110
11001100110000 11001000110000
11001100110000 11001010110000
11001100110001 11001000110001
11001100110001 11001001110001
11001100110001 11001010110001
11001100110001 11001011110001
11001100110010 11001000110010
11001100110010 11001001110010
11001100110010 11001010110010
11001100110010 11001011110010
11001100110011 11001000010011
11001100110011 11001000110011
11001100110011 11001001010011
11001100110011 11001001110011
11001100110011 11001010010011
11001100110011 11001010110011
11001100110011 11001011010011
11001100110011 11001011110011
11001100110011 11001100010011
11001100110100 11001000110100
11001100110100 11001001110100
11001100110100 11001010110100
11001100110100 11001011110100
11001100110101 11001000110101
11001100110110 11001000110110
11001100111000 11001000111000
11001100111000 11001010111000
11001100111001 11001000011001
11001100111001 11001000111001
11001100111001 11001001011001
11001100111001 11001001111001
11001100111001 11001010011001
11001100111001 11001010111001
11001100111001 11001011011001
11001100111001 11001011111001
11001100111001 11001100011001
11001100111010 11001000111010
11001100111100 11001000111100
11001100111100 11001010111100
11001100111101 11001000111101
11001100111110 11001000111110
11001101000011 11001001000011
11001101000011 11001011000011
11001101000101 11001100000101
11001101000101 11001100100101
11001101000110 11001000000110
11001101000110 11001000100110
11001101000110 11001001000110
11001101000110 11001001100110
11001101000110 11001010000110
11001101000110 11001010100110
11001101000110 11001011000110
11001101000110 11001011100110
11001101000110 11001100000110
11001101000110 11001100100110
11001101001001 11001100001001
11001101001010 11001100001010
11001101001100 11001000001100
11001101001100 11001000101100
11001101001100 11001001001100
11001101001100 11001001101100
11001101001100 11001010001100
11001101001100 11001010101100
11001101001100 11001011001100
11001101001100 11001011101100
11001101001100 11001100001100
11001101001100 11001100101100
11001101001101 11001000001101
11001101001101 11001001001101
11001101001101 11001010001101
11001101001101 11001011001101
11001101001101 11001100001101
11001101001110 11001000001110
11001101001110 11001001001110
11001101001110 11001010001110
11001101001110 11001011001110
11001101001110 11001100001110
11001101010011 11001000010011
11001101010011 11001000110011
11001101010011 11001001010011
11001101010011 11001001110011
11001101010011 11001010010011
11001101010011 11001010110011
11001101010011 11001011010011
11001101010011 11001011110011
11001101010011 11001100010011
11001101010011 11001100110011
11001101010100 11001100010100
11001101010110 11001011010110
11001101011000 11001000011000
11001101011000 11001001011000
11001101011000 11001010011000
11001101011000 11001011011000
11001101011000 11001100011000
11001101011001 11001000011001
11001101011001 11001000111001
11001101011001 11001001011001
11001101011001 11001001111001
11001101011001 11001010011001
11001101011001 11001010111001
11001101011001 11001011011001
11001101011001 11001011111001
11001101011001 11001100011001
11001101011001 11001100111001
11001101011010 11001010111010
11001101011010 11001011011010
11001101011010 11001011111010
11001101011100 11001000011100
11001101011100 11001001011100
11001101011100 11001010011100
11001101011100 11001011011100
11001101011100 11001100011100
11001101100000 11001001100000
11001101100001 11001001100001
11001101100001 11001011100001
11001101100010 11001001100010
11001101100010 11001011100010
11001101100011 11001000100011
11001101100011 11001001100011
11001101100011 11001010100011
11001101100011 11001011100011
11001101100011 11001100100011
11001101100100 11001001100100
11001101100100 11001011100100
11001101100101 11001001100101
11001101100101 11001011100101
11001101100110 11001000000110
11001101100110 11001000100110
11001101100110 11001001000110
11001101100110 11001001100110
11001101100110 11001010000110
11001101100110 11001010100110
11001101100110 11001011000110
11001101100110 11001011100110
11001101100110 11001100000110
11001101100110 11001100100110
11001101100110 11001101000110
11001101101000 11001001101000
11001101101000 11001011101000
11001101101001 11001001101001
11001101101001 11001011101001
11001101101010 11001011101010
11001101101100 11001000001100
11001101101100 11001000101100
11001101101100 11001001001100
11001101101100 11001001101100
11001101101100 11001010001100
11001101101100 11001010101100
11001101101100 11001011001100
11001101101100 11001011101100
11001101101100 11001100001100
11001101101100 11001100101100
11001101101100 11001101001100
11001101101101 11001011101101
11001101101110 11001011101110
11001101110000 11001001110000
11001101110001 11001000110001
11001101110001 11001001110001
11001101110001 11001010110001
11001101110001 11001011110001
11001101110001 11001100110001
11001101110010 11001000110010
11001101110010 11001001110010
11001101110010 11001010110010
11001101110010 11001011110010
11001101110010 11001100110010
11001101110100 11001000110100
11001101110100 11001001110100
11001101110100 11001010110100
11001101110100 11001011110100
11001101110100 11001100110100
11001101110101 11001010110101
11001101110101 11001011110101
11001101110110 11001010110110
11001101110110 11001011110110
11001101111000 11001001111000
11001101111001 11001000011001
11001101111001 11001000111001
11001101111001 11001001011001
11001101111001 11001001111001
11001101111001 11001010011001
11001101111001 11001010111001
11001101111001 11001011011001
11001101111001 11001011111001
11001101111001 11001100011001
11001101111001 11001100111001
11001101111001 11001101011001
11001101111010 11001010111010
11001101111010 11001011011010
11001101111010 11001011111010
11001101111010 11001101011010
11001101111100 11001001111100
11001110000011 11001010000011
11001110000110 11001000000110
11001110000110 11001000100110
11001110000110 11001001000110
11001110000110 11001001100110
11001110000110 11001010000110
11001110000110 11001010100110
11001110000110 11001011000110
11001110000110 11001011100110
11001110000110 11001100000110
11001110000110 11001100100110
11001110000110 11001101000110
11001110000110 11001101100110
11001110001100 11001000001100
11001110001100 11001000101100
11001110001100 11001001001100
11001110001100 11001001101100
11001110001100 11001010001100
11001110001100 11001010101100
11001110001100 11001011001100
11001110001100 11001011101100
11001110001100 11001100001100
11001110001100 11001100101100
11001110001100 11001101001100
11001110001100 11001101101100
11001110001101 11001000001101
11001110001101 11001001001101
11001110001101 11001010001101
11001110001101 11001011001101
11001110001101 11001100001101
11001110001101 11001101001101
11001110001110 11001000001110
11001110001110 11001001001110
11001110001110 11001010001110
11001110001110 11001011001110
11001110001110 11001100001110
11001110001110 11001101001110
11001110010011 11001000010011
11001110010011 11001000110011
11001110010011 11001001010011
11001110010011 11001001110011
11001110010011 11001010010011
11001110010011 11001010110011
11001110010011 11001011010011
11001110010011 11001011110011
11001110010011 11001100010011
11001110010011 11001100110011
11001110010011 11001101010011
11001110010011 11001101110011
11001110010110 11001000010110
11001110010110 11001010010110
11001110010110 11001100010110
11001110011000 11001000011000
11001110011000 11001001011000
11001110011000 11001010011000
11001110011000 11001011011000
11001110011000 11001100011000
11001110011000 11001101011000
11001110011001 11001000011001
11001110011001 11001000111001
11001110011001 11001001011001
11001110011001 11001001111001
11001110011001 11001010011001
11001110011001 11001010111001
11001110011001 11001011011001
11001110011001 11001011111001
11001110011001 11001100011001
11001110011001 11001100111001
11001110011001 11001101011001
11001110011001 11001101111001
11001110011010 11001000011010
11001110011010 11001010011010
11001110011010 11001100011010
11001110011100 11001000011100
11001110011100 11001001011100
11001110011100 11001010011100
11001110011100 11001011011100
11001110011100 11001100011100
11001110011100 11001101011100
11001110011101 11001000011101
11001110011101 11001010011101
11001110011101 11001100011101
11001110011110 11001000011110
11001110011110 11001010011110
11001110011110 11001100011110
11001110100011 11001000100011
11001110100011 11001001100011
11001110100011 11001010100011
11001110100011 11001011100011
11001110100011 11001100100011
11001110100011 11001101100011
11001110100101 11001110000101
11001110100110 11001000000110
11001110100110 11001000100110
11001110100110 11001001000110
11001110100110 11001001100110
11001110100110 11001010000110
11001110100110 11001010100110
11001110100110 11001011000110
11001110100110 11001011100110
11001110100110 11001100000110
11001110100110 11001100100110
11001110100110 11001101000110
11001110100110 11001101100110
11001110100110 11001110000110
11001110101100 11001000001100
11001110101100 11001000101100
11001110101100 11001001001100
11001110101100 11001001101100
11001110101100 11001010001100
11001110101100 11001010101100
11001110101100 11001011001100
11001110101100 11001011101100
11001110101100 11001100001100
11001110101100 11001100101100
11001110101100 11001101001100
11001110101100 11001101101100
11001110101100 11001110001100
11001110101101 11001010101101
11001110101110 11001010101110
11001110110000 11001000110000
11001110110000 11001010110000
11001110110000 11001100110000
11001110110001 11001000110001
11001110110001 11001001110001
11001110110001 11001010110001
11001110110001 11001011110001
11001110110001 11001100110001
11001110110001 11001101110001
11001110110010 11001000110010
11001110110010 11001001110010
11001110110010 11001010110010
11001110110010 11001011110010
11001110110010 11001100110010
11001110110010 11001101110010
11001110110011 11001000010011
11001110110011 11001000110011
11001110110011 11001001010011
11001110110011 11001001110011
11001110110011 11001010010011
11001110110011 11001010110011
11001110110011 11001011010011
11001110110011 11001011110011
11001110110011 11001100010011
11001110110011 11001100110011
11001110110011 11001101010011
11001110110011 11001101110011
11001110110011 11001110010011
11001110110100 11001000110100
11001110110100 11001001110100
11001110110100 11001010110100
11001110110100 11001011110100
11001110110100 11001100110100
11001110110100 11001101110100
11001110110101 11001010110101
11001110110101 11001011110101
11001110110101 11001101110101
11001110110110 11001010110110
11001110110110 11001011110110
11001110110110 11001101110110
11001110111000 11001000111000
11001110111000 11001010111000
11001110111000 11001100111000
11001110111001 11001000011001
11001110111001 11001000111001
11001110111001 11001001011001
11001110111001 11001001111001
11001110111001 11001010011001
11001110111001 11001010111001
11001110111001 11001011011001
11001110111001 11001011111001
11001110111001 11001100011001
11001110111001 11001100111001
11001110111001 11001101011001
11001110111001 11001101111001
11001110111001 11001110011001
11001110111010 11001010111010
11001110111010 11001011011010
11001110111010 11001011111010
11001110111010 11001101011010
11001110111010 11001101111010
11001110111100 11001000111100
11001110111100 11001010111100
11001110111100 11001100111100
11001111000001 11001011000001
11001111000010 11001011000010
11001111000011 11001001000011
11001111000011 11001011000011
11001111000011 11001101000011
11001111000100 11001011000100
11001111000101 11001011000101
11001111000110 11001000000110
11001111000110 11001000100110
11001111000110 11001001000110
11001111000110 11001001100110
11001111000110 11001010000110
11001111000110 11001010100110
11001111000110 11001011000110
11001111000110 11001011100110
11001111000110 11001100000110
11001111000110 11001100100110
11001111000110 11001101000110
11001111000110 11001101100110
11001111000110 11001110000110
11001111000110 11001110100110
11001111001000 11001011001000
11001111001001 11001011001001
11001111001010 11001011001010
11001111001100 11001000001100
11001111001100 11001000101100
11001111001100 11001001001100
11001111001100 11001001101100
11001111001100 11001010001100
11001111001100 11001010101100
11001111001100 11001011001100
11001111001100 11001011101100
11001111001100 11001100001100
11001111001100 11001100101100
11001111001100 11001101001100
11001111001100 11001101101100
11001111001100 11001110001100
11001111001100 11001110101100
11001111001101 11001000001101
11001111001101 11001001001101
11001111001101 11001010001101
11001111001101 11001011001101
11001111001101 11001100001101
11001111001101 11001101001101
11001111001101 11001110001101
11001111001110 11001000001110
11001111001110 11001001001110
11001111001110 11001010001110
11001111001110 11001011001110
11001111001110 11001100001110
11001111001110 11001101001110
11001111001110 11001110001110
11001111010000 11001011010000
11001111010001 11001011010001
11001111010010 11001011010010
11001111010011 11001000010011
11001111010011 11001000110011
11001111010011 11001001010011
11001111010011 11001001110011
11001111010011 11001010010011
11001111010011 11001010110011
11001111010011 11001011010011
11001111010011 11001011110011
11001111010011 11001100010011
11001111010011 11001100110011
11001111010011 11001101010011
11001111010011 11001101110011
11001111010011 11001110010011
11001111010011 11001110110011
11001111010100 11001011010100
11001111010101 11001011010101
11001111010110 11001011010110
11001111010110 11001101010110
11001111011000 11001000011000
11001111011000 11001001011000
11001111011000 11001010011000
11001111011000 11001011011000
11001111011000 11001100011000
11001111011000 11001101011000
11001111011000 11001110011000
11001111011001 11001000011001
11001111011001 11001000111001
11001111011001 11001001011001
11001111011001 11001001111001
11001111011001 11001010011001
11001111011001 11001010111001
11001111011001 11001011011001
11001111011001 11001011111001
11001111011001 11001100011001
11001111011001 11001100111001
11001111011001 11001101011001
11001111011001 11001101111001
11001111011001 11001110011001
11001111011001 11001110111001
11001111011010 11001010111010
11001111011010 11001011011010
11001111011010 11001011111010
11001111011010 11001101011010
11001111011010 11001101111010
11001111011010 11001110111010
11001111011100 11001000011100
11001111011100 11001001011100
11001111011100 11001010011100
11001111011100 11001011011100
11001111011100 11001100011100
11001111011100 11001101011100
11001111011100 11001110011100
11001111011101 11001011011101
11001111011110 11001011011110
11001111100001 11001001100001
11001111100001 11001011100001
11001111100001 11001101100001
11001111100010 11001001100010
11001111100010 11001011100010
11001111100010 11001101100010
11001111100011 11001000100011
11001111100011 11001001100011
11001111100011 11001010100011
11001111100011 11001011100011
11001111100011 11001100100011
11001111100011 11001101100011
11001111100011 11001110100011
11001111100100 11001001100100
11001111100100 11001011100100
11001111100100 11001101100100
11001111100101 11001001100101
11001111100101 11001011100101
11001111100101 11001101100101
11001111100110 11001000000110
11001111100110 11001000100110
11001111100110 11001001000110
11001111100110 11001001100110
11001111100110 11001010000110
11001111100110 11001010100110
11001111100110 11001011000110
11001111100110 11001011100110
11001111100110 11001100000110
11001111100110 11001100100110
11001111100110 11001101000110
11001111100110 11001101100110
11001111100110 11001110000110
11001111100110 11001110100110
11001111100110 11001111000110
11001111101000 11001001101000
11001111101000 11001011101000
11001111101000 11001101101000
11001111101001 11001001101001
11001111101001 11001011101001
11001111101001 11001101101001
11001111101010 11001011101010
11001111101010 11001101101010
11001111101100 11001000001100
11001111101100 11001000101100
11001111101100 11001001001100
11001111101100 11001001101100
11001111101100 11001010001100
11001111101100 11001010101100
11001111101100 11001011001100
11001111101100 11001011101100
11001111101100 11001100001100
11001111101100 11001100101100
11001111101100 11001101001100
11001111101100 11001101101100
11001111101100 11001110001100
11001111101100 11001110101100
11001111101100 11001111001100
11001111101101 11001011101101
11001111101101 11001101101101
11001111101110 11001011101110
11001111101110 11001101101110
11001111110001 11001000110001
11001111110001 11001001110001
11001111110001 11001010110001
11001111110001 11001011110001
11001111110001 11001100110001
11001111110001 11001101110001
11001111110001 11001110110001
11001111110010 11001000110010
11001111110010 11001001110010
11001111110010 11001010110010
11001111110010 11001011110010
11001111110010 11001100110010
11001111110010 11001101110010
11001111110010 11001110110010
11001111110011 11001000010011
11001111110011 11001000110011
11001111110011 11001001010011
11001111110011 11001001110011
11001111110011 11001010010011
11001111110011 11001010110011
11001111110011 11001011010011
11001111110011 11001011110011
11001111110011 11001100010011
11001111110011 11001100110011
11001111110011 11001101010011
11001111110011 11001101110011
11001111110011 11001110010011
11001111110011 11001110110011
11001111110011 11001111010011
11001111110100 11001000110100
11001111110100 11001001110100
11001111110100 11001010110100
11001111110100 11001011110100
11001111110100 11001100110100
11001111110100 11001101110100
11001111110100 11001110110100
11001111110101 11001010110101
11001111110101 11001011110101
11001111110101 11001101110101
11001111110101 11001110110101
11001111110110 11001010110110
11001111110110 11001011110110
11001111110110 11001101110110
11001111110110 11001110110110
11001111111001 11001000011001
11001111111001 11001000111001
11001111111001 11001001011001
11001111111001 11001001111001
11001111111001 11001010011001
11001111111001 11001010111001
11001111111001 11001011011001
11001111111001 11001011111001
11001111111001 11001100011001
11001111111001 11001100111001
11001111111001 11001101011001
11001111111001 11001101111001
11001111111001 11001110011001
11001111111001 11001110111001
11001111111001 11001111011001
11001111111010 11001010111010
11001111111010 11001011011010
11001111111010 11001011111010
11001111111010 11001101011010
11001111111010 11001101111010
11001111111010 11001110111010
11001111111010 11001111011010
11010000100101 11010000000101
11010000100110 11010000000110
11010000101100 11010000001100
11010000110011 11010000010011
11010000111001 11010000011001
11010001000101 11010000000101
11010001000101 11010000100101
11010001000110 11010000000110
11010001000110 11010000100110
11010001001001 11010000001001
11010001001010 11010000001010
11010001001100 11010000001100
11010001001100 11010000101100
11010001001101 11010000001101
11010001001110 11010000001110
11010001010011 11010000010011
11010001010011 11010000110011
11010001010100 11010000010100
11010001011000 11010000011000
11010001011001 11010000011001
11010001011001 11010000111001
11010001011100 11010000011100
11010001100011 11010000100011
11010001100110 11010000000110
11010001100110 11010000100110
11010001100110 11010001000110
11010001101100 11010000001100
11010001101100 11010000101100
11010001101100 11010001001100
11010001110001 11010000110001
11010001110010 11010000110010
11010001110011 11010000010011
11010001110011 11010000110011
11010001110011 11010001010011
11010001110100 11010000110100
11010001111001 11010000011001
11010001111001 11010000111001
11010001111001 11010001011001
11010001111010 11010001011010
11010010000101 11010000000101
11010010000101 11010000100101
11010010000101 11010001000101
11010010000110 11010000000110
11010010000110 11010000100110
11010010000110 11010001000110
11010010000110 11010001100110
11010010001001 11010000001001
11010010001001 11010001001001
11010010001010 11010000001010
11010010001010 11010001001010
11010010001011 11010000001011
11010010001011 11010001001011
11010010001100 11010000001100
11010010001100 11010000101100
11010010001100 11010001001100
11010010001100 11010001101100
11010010001101 11010000001101
11010010001101 11010001001101
11010010001110 11010000001110
11010010001110 11010001001110
11010010010001 11010000010001
11010010010010 11010000010010
11010010010011 11010000010011
11010010010011 11010000110011
11010010010011 11010001010011
11010010010011 11010001110011
11010010010100 11010000010100
11010010010100 11010001010100
11010010010101 11010000010101
11010010010110 11010000010110
11010010011000 11010000011000
11010010011000 11010001011000
11010010011001 11010000011001
11010010011001 11010000111001
11010010011001 11010001011001
11010010011001 11010001111001
11010010011010 11010000011010
11010010011100 11010000011100
11010010011100 11010001011100
11010010011101 11010000011101
11010010011110 11010000011110
11010010100011 11010000100011
11010010100011 11010001100011
11010010100101 11010000000101
11010010100101 11010000100101
11010010100101 11010001000101
11010010100101 11010010000101
11010010100110 11010000000110
11010010100110 11010000100110
11010010100110 11010001000110
11010010100110 11010001100110
11010010100110 11010010000110
11010010101000 11010000101000
11010010101001 11010000101001
11010010101100 11010000001100
11010010101100 11010000101100
11010010101100 11010001001100
11010010101100 11010001101100
11010010101100 11010010001100
11010010110000 11010000110000
11010010110001 11010000110001
11010010110001 11010001110001
11010010110010 11010000110010
11010010110010 11010001110010
11010010110011 11010000010011
11010010110011 11010000110011
11010010110011 11010001010011
11010010110011 11010001110011
11010010110011 11010010010011
11010010110100 11010000110100
11010010110100 11010001110100
11010010111000 11010000111000
11010010111001 11010000011001
11010010111001 11010000111001
11010010111001 11010001011001
11010010111001 11010001111001
11010010111001 11010010011001
11010010111100 11010000111100
11010011000011 11010001000011
11010011000110 11010000000110
11010011000110 11010000100110
11010011000110 11010001000110
11010011000110 11010001100110
11010011000110 11010010000110
11010011000110 11010010100110
11010011001011 11010000001011
11010011001011 11010001001011
11010011001011 11010010001011
11010011001100 11010000001100
11010011001100 11010000101100
11010011001100 11010001001100
11010011001100 11010001101100
11010011001100 11010010001100
11010011001100 11010010101100
11010011001101 11010000001101
11010011001101 11010001001101
11010011001101 11010010001101
11010011001110 11010000001110
11010011001110 11010001001110
11010011001110 11010010001110
11010011010011 11010000010011
11010011010011 11010000110011
11010011010011 11010001010011
11010011010011 11010001110011
11010011010011 11010010010011
11010011010011 11010010110011
11010011011000 11010000011000
11010011011000 11010001011000
11010011011000 11010010011000
11010011011001 11010000011001
11010011011001 11010000111001
11010011011001 11010001011001
11010011011001 11010001111001
11010011011001 11010010011001
11010011011001 11010010111001
11010011011010 11010010111010
11010011011100 11010000011100
11010011011100 11010001011100
11010011011100 11010010011100
11010011100001 11010001100001
11010011100010 11010001100010
11010011100011 11010000100011
11010011100011 11010001100011
11010011100011 11010010100011
11010011100100 11010001100100
11010011100101 11010001100101
11010011100110 11010000000110
11010011100110 11010000100110
11010011100110 11010001000110
11010011100110 11010001100110
11010011100110 11010010000110
11010011100110 11010010100110
11010011100110 11010011000110
11010011101000 11010001101000
11010011101001 11010001101001
11010011101100 11010000001100
11010011101100 11010000101100
11010011101100 11010001001100
11010011101100 11010001101100
11010011101100 11010010001100
11010011101100 11010010101100
11010011101100 11010011001100
11010011110001 11010000110001
11010011110001 11010001110001
11010011110001 11010010110001
11010011110010 11010000110010
11010011110010 11010001110010
11010011110010 11010010110010
11010011110011 11010000010011
11010011110011 11010000110011
11010011110011 11010001010011
11010011110011 11010001110011
11010011110011 11010010010011
11010011110011 11010010110011
11010011110011 11010011010011
11010011110100 11010000110100
11010011110100 11010001110100
11010011110100 11010010110100
11010011110101 11010010110101
11010011110110 11010010110110
11010011111001 11010000011001
11010011111001 11010000111001
11010011111001 11010001011001
11010011111001 11010001111001
11010011111001 11010010011001
11010011111001 11010010111001
11010011111001 11010011011001
11010011111010 11010010111010
11010011111010 11010011011010
11010100100101 11010100000101
11010100100110 11010100000110
11010100101100 11010100001100
11010100110011 11010100010011
11010100111001 11010100011001
11010101110011 11010101010011
11010101111001 11010101011001
11010101111010 11010101011010
11010110100011 11010101100011
11010110100110 11010101100110
11010110101011 11010101101011
11010110101100 11010101101100
11010110110001 11010101110001
11010110110010 11010101110010
11010110110011 11010101010011
11010110110011 11010101110011
11010110110100 11010101110100
11010110110101 11010101110101
11010110111001 11010101011001
11010110111001 11010101111001
11010110111010 11010101011010
11010110111010 11010101111010
11010111000011 11010101000011
11010111000110 11010101000110
11010111001011 11010101001011
11010111001100 11010101001100
11010111001101 11010101001101
11010111001110 11010101001110
11010111010011 11010101010011
11010111010011 11010101110011
11010111010011 11010110110011
11010111010110 11010101010110
11010111011000 11010101011000
11010111011001 11010101011001
11010111011001 11010101111001
11010111011001 11010110111001
11010111011010 11010101011010
11010111011010 11010101111010
11010111011010 11010110111010
11010111011100 11010101011100
11010111100001 11010101100001
11010111100010 11010101100010
11010111100011 11010101100011
11010111100011 11010110100011
11010111100100 11010101100100
11010111100101 11010101100101
11010111100110 11010101100110
11010111100110 11010110100110
11010111101000 11010101101000
11010111101001 11010101101001
11010111101010 11010101101010
11010111101011 11010101101011
11010111101011 11010110101011
11010111101100 11010101101100
11010111101100 11010110101100
11010111110001 11010101110001
11010111110001 11010110110001
11010111110010 11010101110010
11010111110010 11010110110010
11010111110011 11010101010011
11010111110011 11010101110011
11010111110011 11010110110011
11010111110011 11010111010011
11010111110100 11010101110100
11010111110100 11010110110100
11010111110101 11010101110101
11010111110101 11010110110101
11010111110110 11010110110110
11010111111001 11010101011001
11010111111001 11010101111001
11010111111001 11010110111001
11010111111001 11010111011001
11010111111010 11010101011010
11010111111010 11010101111010
11010111111010 11010110111010
11010111111010 11010111011010
11011000100101 11011000000101
11011000100110 11011000000110
11011000101100 11011000001100
11011000110011 11011000010011
11011000111001 11011000011001
11011001000101 11011000000101
11011001000101 11011000100101
11011001000110 11011000000110
11011001000110 11011000100110
11011001001001 11011000001001
11011001001010 11011000001010
11011001001011 11011000001011
11011001001100 11011000001100
11011001001100 11011000101100
11011001001101 11011000001101
11011001001110 11011000001110
11011001010011 11011000010011
11011001010011 11011000110011
11011001010100 11011000010100
11011001011000 11011000011000
11011001011001 11011000011001
11011001011001 11011000111001
11011001011100 11011000011100
11011001100011 11011000100011
11011001100110 11011000000110
11011001100110 11011000100110
11011001100110 11011001000110
11011001101100 11011000001100
11011001101100 11011000101100
11011001101100 11011001001100
11011001110001 11011000110001
11011001110010 11011000110010
11011001110011 11011000010011
11011001110011 11011000110011
11011001110011 11011001010011
11011001110100 11011000110100
11011001111001 11011000011001
11011001111001 11011000111001
11011001111001 11011001011001
11011001111010 11011001011010
11011011110011 11011011010011
11011011111001 11011011011001
11011011111010 11011011011010
11011100100101 11011100000101
11011100100110 11011100000110
11011100101100 11011100001100
11011100110011 11011100010011
11011100111001 11011100011001
11100001100110 11100001000110
11100001101100 11100001001100
11100001110011 11100001010011
11100001111001 11100001011001
11100001111010 11100001011010
11100010100101 11100010000101
11100010100110 11100010000110
11100010101100 11100010001100
11100010110011 11100010010011
11100010111001 11100010011001
11100011000110 11100010000110
11100011000110 11100010100110
11100011001011 11100010001011
11100011001100 11100010001100
11100011001100 11100010101100
11100011001101 11100010001101
11100011001110 11100010001110
11100011010011 11100010010011
11100011010011 11100010110011
11100011011000 11100010011000
11100011011001 11100010011001
11100011011001 11100010111001
11100011011010 11100010111010
11100011011100 11100010011100
11100011100011 11100010100011
11100011100110 11100010000110
11100011100110 11100010100110
11100011100110 11100011000110
11100011101011 11100010101011
11100011101100 11100010001100
11100011101100 11100010101100
11100011101100 11100011001100
11100011110001 11100010110001
11100011110010 11100010110010
11100011110011 11100010010011
11100011110011 11100010110011
11100011110011 11100011010011
11100011110100 11100010110100
11100011110101 11100010110101
11100011110110 11100010110110
11100011111001 11100010011001
11100011111001 11100010111001
11100011111001 11100011011001
11100011111010 11100010111010
11100011111010 11100011011010
11100100100101 11100100000101
11100100100110 11100100000110
11100100101100 11100100001100
11100100110011 11100100010011
11100100111001 11100100011001
11100101000101 11100100000101
11100101000101 11100100100101
11100101000110 11100100000110
11100101000110 11100100100110
11100101001001 11100100001001
11100101001010 11100100001010
11100101001011 11100100001011
11100101001100 11100100001100
11100101001100 11100100101100
11100101001101 11100100001101
11100101001110 11100100001110
11100101010011 11100100010011
11100101010011 11100100110011
11100101010100 11100100010100
11100101011000 11100100011000
11100101011001 11100100011001
11100101011001 11100100111001
11100101011100 11100100011100
11100101100011 11100100100011
11100101100110 11100100000110
11100101100110 11100100100110
11100101100110 11100101000110
11100101101100 11100100001100
11100101101100 11100100101100
11100101101100 11100101001100
11100101110001 11100100110001
11100101110010 11100100110010
11100101110011 11100100010011
11100101110011 11100100110011
11100101110011 11100101010011
11100101110100 11100100110100
11100101111001 11100100011001
11100101111001 11100100111001
11100101111001 11100101011001
11100101111010 11100101011010
11100110000110 11100100000110
11100110000110 11100100100110
11100110000110 11100101000110
11100110000110 11100101100110
11100110001011 11100100001011
11100110001011 11100101001011
11100110001100 11100100001100
11100110001100 11100100101100
11100110001100 11100101001100
11100110001100 11100101101100
11100110001101 11100100001101
11100110001101 11100101001101
11100110001110 11100100001110
11100110001110 11100101001110
11100110010011 11100100010011
11100110010011 11100100110011
11100110010011 11100101010011
11100110010011 11100101110011
11100110010110 11100100010110
11100110011000 11100100011000
11100110011000 11100101011000
11100110011001 11100100011001
11100110011001 11100100111001
11100110011001 11100101011001
11100110011001 11100101111001
11100110011010 11100100011010
11100110011011 11100100011011
11100110011100 11100100011100
11100110011100 11100101011100
11100110011101 11100100011101
11100110011110 11100100011110
11100110100011 11100100100011
11100110100011 11100101100011
11100110100101 11100110000101
11100110100110 11100100000110
11100110100110 11100100100110
11100110100110 11100101000110
11100110100110 11100101100110
11100110100110 11100110000110
11100110100111 11100100100111
11100110100111 11100101100111
11100110101011 11100101101011
11100110101100 11100100001100
11100110101100 11100100101100
11100110101100 11100101001100
11100110101100 11100101101100
11100110101100 11100110001100
11100110110000 11100100110000
11100110110001 11100100110001
11100110110001 11100101110001
11100110110010 11100100110010
11100110110010 11100101110010
11100110110011 11100100010011
11100110110011 11100100110011
11100110110011 11100101010011
11100110110011 11100101110011
11100110110011 11100110010011
11100110110100 11100100110100
11100110110100 11100101110100
11100110110101 11100101110101
11100110110110 11100101110110
11100110111000 11100100111000
11100110111001 11100100011001
11100110111001 11100100111001
11100110111001 11100101011001
11100110111001 11100101111001
11100110111001 11100110011001
11100110111010 11100101011010
11100110111010 11100101111010
11100110111100 11100100111100
11100111000011 11100101000011
11100111000110 11100100000110
11100111000110 11100100100110
11100111000110 11100101000110
11100111000110 11100101100110
11100111000110 11100110000110
11100111000110 11100110100110
11100111000111 11100101000111
11100111001011 11100100001011
11100111001011 11100101001011
11100111001011 11100110001011
11100111001100 11100100001100
11100111001100 11100100101100
11100111001100 11100101001100
11100111001100 11100101101100
11100111001100 11100110001100
11100111001100 11100110101100
11100111001101 11100100001101
11100111001101 11100101001101
11100111001101 11100110001101
11100111001110 11100100001110
11100111001110 11100101001110
11100111001110 11100110001110
11100111010011 11100100010011
11100111010011 11100100110011
11100111010011 11100101010011
11100111010011 11100101110011
11100111010011 11100110010011
11100111010011 11100110110011
11100111010110 11100101010110
11100111011000 11100100011000
11100111011000 11100101011000
11100111011000 11100110011000
11100111011001 11100100011001
11100111011001 11100100111001
11100111011001 11100101011001
11100111011001 11100101111001
11100111011001 11100110011001
11100111011001 11100110111001
11100111011010 11100101011010
11100111011010 11100101111010
11100111011010 11100110111010
11100111011100 11100100011100
11100111011100 11100101011100
11100111011100 11100110011100
11100111100001 11100101100001
11100111100010 11100101100010
11100111100011 11100100100011
11100111100011 11100101100011
11100111100011 11100110100011
11100111100100 11100101100100
11100111100101 11100101100101
11100111100110 11100100000110
11100111100110 11100100100110
11100111100110 11100101000110
11100111100110 11100101100110
11100111100110 11100110000110
11100111100110 11100110100110
11100111100110 11100111000110
11100111100111 11100100100111
11100111100111 11100101100111
11100111100111 11100110100111
11100111101000 11100101101000
11100111101001 11100101101001
11100111101010 11100101101010
11100111101011 11100101101011
11100111101011 11100110101011
11100111101100 11100100001100
11100111101100 11100100101100
11100111101100 11100101001100
11100111101100 11100101101100
11100111101100 11100110001100
11100111101100 11100110101100
11100111101100 11100111001100
11100111101101 11100101101101
11100111101110 11100101101110
11100111110001 11100100110001
11100111110001 11100101110001
11100111110001 11100110110001
11100111110010 11100100110010
11100111110010 11100101110010
11100111110010 11100110110010
11100111110011 11100100010011
11100111110011 11100100110011
11100111110011 11100101010011
11100111110011 11100101110011
11100111110011 11100110010011
11100111110011 11100110110011
11100111110011 11100111010011
11100111110100 11100100110100
11100111110100 11100101110100
11100111110100 11100110110100
11100111110101 11100101110101
11100111110101 11100110110101
11100111110110 11100101110110
11100111110110 11100110110110
11100111111001 11100100011001
11100111111001 11100100111001
11100111111001 11100101011001
11100111111001 11100101111001
11100111111001 11100110011001
11100111111001 11100110111001
11100111111001 11100111011001
11100111111010 11100101011010
11100111111010 11100101111010
11100111111010 11100110111010
11100111111010 11100111011010
11101000100101 11101000000101
11101000100110 11101000000110
11101000101100 11101000001100
11101000110011 11101000010011
11101000111001 11101000011001
11101001000101 11101000000101
11101001000101 11101000100101
11101001000110 11101000000110
11101001000110 11101000100110
11101001001001 11101000001001
11101001001010 11101000001010
11101001001011 11101000001011
11101001001100 11101000001100
11101001001100 11101000101100
11101001001101 11101000001101
11101001001110 11101000001110
11101001010011 11101000010011
11101001010011 11101000110011
11101001010100 11101000010100
11101001011000 11101000011000
11101001011001 11101000011001
11101001011001 11101000111001
11101001011100 11101000011100
11101001100011 11101000100011
11101001100110 11101000000110
11101001100110 11101000100110
11101001100110 11101001000110
11101001100111 11101000100111
11101001101100 11101000001100
11101001101100 11101000101100
11101001101100 11101001001100
11101001110001 11101000110001
11101001110010 11101000110010
11101001110011 11101000010011
11101001110011 11101000110011
11101001110011 11101001010011
11101001110100 11101000110100
11101001111001 11101000011001
11101001111001 11101000111001
11101001111001 11101001011001
11101001111010 11101001011010
11101011010011 11101010110011
11101011011001 11101010111001
11101011011010 11101010111010
11101011100011 11101010100011
11101011100110 11101010100110
11101011100111 11101010100111
11101011101011 11101010101011
11101011101100 11101010101100
11101011110001 11101010110001
11101011110010 11101010110010
11101011110011 11101010110011
11101011110011 11101011010011
11101011110100 11101010110100
11101011110101 11101010110101
11101011111001 11101010111001
11101011111001 11101011011001
11101011111010 11101010111010
11101011111010 11101011011010
11101100100101 11101100000101
11101100100110 11101100000110
11101100101100 11101100001100
11101100110011 11101100010011
11101100111001 11101100011001
11110001100110 11110001000110
11110001101100 11110001001100
11110001110011 11110001010011
11110001111001 11110001011001
11110001111010 11110001011010
11110010100101 11110010000101
11110010100110 11110010000110
11110010101100 11110010001100
11110010110011 11110010010011
11110010111001 11110010011001
11110011000110 11110010000110
11110011000110 11110010100110
11110011001011 11110010001011
11110011001100 11110010001100
11110011001100 11110010101100
11110011001101 11110010001101
11110011001110 11110010001110
11110011010011 11110010010011
11110011010011 11110010110011
11110011011000 11110010011000
11110011011001 11110010011001
11110011011001 11110010111001
11110011011010 11110010111010
11110011011100 11110010011100
11110011100011 11110010100011
11110011100110 11110010000110
11110011100110 11110010100110
11110011100110 11110011000110
11110011100111 11110010100111
11110011101011 11110010101011
11110011101100 11110010001100
11110011101100 11110010101100
11110011101100 11110011001100
11110011110001 11110010110001
11110011110010 11110010110010
11110011110011 11110010010011
11110011110011 11110010110011
11110011110011 11110011010011
11110011110100 11110010110100
11110011110101 11110010110101
11110011110110 11110010110110
11110011111001 11110010011001
11110011111001 11110010111001
11110011111001 11110011011001
11110011111010 11110010111010
11110011111010 11110011011010
11110100100101 11110100000101
11110100100110 11110100000110
11110100101100 11110100001100
11110100110011 11110100010011
11110100111001 11110100011001
11110101110011 11110101010011
11110101111001 11110101011001
11110101111010 11110101011010
11111001100110 11111001000110
11111001101100 11111001001100
11111001110011 11111001010011
11111001111001 11111001011001
11111001111010 11111001011010
