1000110101000101100 1000110100000101100
1000110101001011000 1000110100001011000
1000110101010110001 1000110100010110001
1001101111111011001 1001101110111011001
1001101111111011010 1001101110111011010
1001110001111000110 1001110000111000110
1010001001001011000 1010001000001011000
1010010001000100101 1010010000000100101
1010010001000100110 1010010000000100110
1010010001000101100 1010010000000101100
1010010001001011000 1010010000001011000
1010010001010110001 1010010000010110001
1011000101000100101 1011000100000100101
1011000101000101100 1011000100000101100
1011000101001011000 1011000100001011000
1011000101010001101 1011000100010001101
1011000101010110001 1011000100010110001
1011000101101110010 1011000100101110010
1100101111101001110 1100101110101001110
1100101111101110010 1100101110101110010
1100101111111010011 1100101110111010011
1100101111111011001 1100101110111011001
1100101111111011010 1100101110111011010
1110010111101001110 1110010110101001110
1110010111101110010 1110010110101110010
1110010111110100111 1110010110110100111
1110010111110111010 1110010110110111010
1110010111111010011 1110010110111010011
1110010111111011001 1110010110111011001
1110010111111011010 1110010110111011010
