10000110101000101100 10000110100000101100
10000110101001011000 10000110100001011000
10001010101000101100 10001010100000101100
10001010101001011000 10001010100001011000
10001011101101110010 10001011100101110010
10001101001000100110 10001101000000100110
10001101001000101100 10001101000000101100
10001101001001011000 10001101000001011000
10001101010000101100 10001101000000101100
10001101010000101100 10001101001000101100
10001101010001001010 10001101000001001010
10001101010001010100 10001101000001010100
10001101010001011000 10001101000001011000
10001101010001011000 10001101001001011000
10001101010001011100 10001101000001011100
10001101010001110100 10001101000001110100
10001101010010010110 10001101001010010110
10001101010010101000 10001101000010101000
10001101010010110000 10001101000010110000
10001101010010110001 10001101000010110001
10001101010010110001 10001101001010110001
10001101010010111000 10001101000010111000
10001101010011101000 10001101000011101000
10001101010100010110 10001101000100010110
10001101010100011010 10001101000100011010
10001101010101001110 10001101001101001110
10001101010101010001 10001101000101010001
10001101010101100001 10001101000101100001
10001101010101100010 10001101000101100010
10001101010111010001 10001101000111010001
10001101111111011010 10001101110111011010
10001110001111000110 10001110000111000110
10001110011110110001 10001110001110110001
10001110101000101100 10001110100000101100
10001110101001011000 10001110100001011000
10001110101010110001 10001110100010110001
10010001001001011000 10010001000001011000
10010010001000100110 10010010000000100110
10010010001000101100 10010010000000101100
10010010001001011000 10010010000001011000
10010110110101001110 10010110101101001110
10010110110101101001 10010110101101101001
10010110110101101010 10010110101101101010
10010110110101110010 10010110101101110010
10010111011101001110 10010111010101001110
10010111011101110010 10010111010101110010
10011010001000100110 10011010000000100110
10011010001000101100 10011010000000101100
10011010001001011000 10011010000001011000
10011010001010110001 10011010000010110001
10011010001100011010 10011010000100011010
10011011110111011001 10011011101111011001
10011011110111011010 10011011101111011010
10011011111101001110 10011011101101001110
10011011111101011100 10011011101101011100
10011011111101110010 10011011101101110010
10011011111110100110 10011011101110100110
10011011111110101100 10011011101110101100
10011011111110110001 10011011101110110001
10011011111110110010 10011011101110110010
10011011111110110100 10011011101110110100
10011011111110110110 10011011101110110110
10011011111110111010 10011011101110111010
10011011111111011001 10011011101111011001
10011011111111011001 10011011110111011001
10011011111111011010 10011011101111011010
10011011111111011010 10011011110111011010
10011100001111000110 10011100000111000110
10011100011110000110 10011100001110000110
10011100011110001100 10011100001110001100
10011100011110001110 10011100001110001110
10011100011110011000 10011100001110011000
10011100011110110001 10011100001110110001
10011100011111000110 10011100000111000110
10011100011111000110 10011100001111000110
10011101111111011001 10011101110111011001
10011101111111011010 10011101110111011010
10011110001111000110 10011110000111000110
10100010001000100110 10100010000000100110
10100010001000101100 10100010000000101100
10100010001001011000 10100010000001011000
10100010001010110001 10100010000010110001
10100010010010110000 10100010000010110000
10100010010010110001 10100010000010110001
10100010010010110001 10100010001010110001
10100010010010111000 10100010000010111000
10100011101010110001 10100011100010110001
10100011101101110010 10100011100101110010
10100100001000100110 10100100000000100110
10100100001000101100 10100100000000101100
10100100001001011000 10100100000001011000
10100100001010110001 10100100000010110001
10100100010000100101 10100100000000100101
10100100010000100101 10100100001000100101
10100100010000100110 10100100000000100110
10100100010000100110 10100100001000100110
10100100010000101100 10100100000000101100
10100100010000101100 10100100001000101100
10100100010001000101 10100100000001000101
10100100010001000110 10100100000001000110
10100100010001001001 10100100000001001001
10100100010001001010 10100100000001001010
10100100010001001100 10100100000001001100
10100100010001001110 10100100000001001110
10100100010001011000 10100100000001011000
10100100010001011000 10100100001001011000
10100100010001011001 10100100000001011001
10100100010001011100 10100100000001011100
10100100010010011000 10100100000010011000
10100100010010110000 10100100000010110000
10100100010010110001 10100100000010110001
10100100010010110001 10100100001010110001
10100100010010111000 10100100000010111000
10100100010100011010 10100100000100011010
10100100010101100001 10100100000101100001
10100100010101100010 10100100000101100010
10100100010101110001 10100100000101110001
10100111010100011010 10100111001100011010
10100111011101001110 10100111010101001110
10100111011101110010 10100111010101110010
10100111011110100110 10100111001110100110
10100111011110110001 10100111001110110001
10100111011110110010 10100111001110110010
10100111011111011010 10100111010111011010
10101000101000101100 10101000100000101100
10101000101001011000 10101000100001011000
10101000101010110001 10101000100010110001
10101001010010010101 10101001001010010101
10101001010010010110 10101001001010010110
10101001010010110001 10101001001010110001
10101101111101001110 10101101110101001110
10101101111101110010 10101101110101110010
10101101111111011001 10101101110111011001
10101101111111011010 10101101110111011010
10110000101000100101 10110000100000100101
10110000101000101100 10110000100000101100
10110000101001011000 10110000100001011000
10110000101010110001 10110000100010110001
10110001001000100101 10110001000000100101
10110001001000100110 10110001000000100110
10110001001000101100 10110001000000101100
10110001001001011000 10110001000001011000
10110001001010110001 10110001000010110001
10110001010000100101 10110001000000100101
10110001010000100101 10110001001000100101
10110001010000101100 10110001000000101100
10110001010000101100 10110001001000101100
10110001010001001010 10110001000001001010
10110001010001010100 10110001000001010100
10110001010001011000 10110001000001011000
10110001010001011000 10110001001001011000
10110001010001011001 10110001000001011001
10110001010001011100 10110001000001011100
10110001010001110100 10110001000001110100
10110001010010001101 10110001000010001101
10110001010010001101 10110001001010001101
10110001010010010101 10110001001010010101
10110001010010010110 10110001001010010110
10110001010010101000 10110001000010101000
10110001010010110000 10110001000010110000
10110001010010110001 10110001000010110001
10110001010010110001 10110001001010110001
10110001010010110010 10110001001010110010
10110001010010111000 10110001000010111000
10110001010011101000 10110001000011101000
10110001010100001101 10110001000100001101
10110001010100010101 10110001000100010101
10110001010100010110 10110001000100010110
10110001010100011010 10110001000100011010
10110001010100110100 10110001001100110100
10110001010101010001 10110001000101010001
10110001010101100001 10110001000101100001
10110001010101100010 10110001000101100010
10110001010101110001 10110001000101110001
10110001010101110010 10110001001101110010
10110001010111000101 10110001000111000101
10110001010111010001 10110001000111010001
10110001011000101110 10110001001000101110
10110001011000111010 10110001001000111010
10110001011011100010 10110001001011100010
10110001011011100100 10110001001011100100
10110001011011100101 10110001001011100101
10110001111000111001 10110001110000111001
10110001111011100101 10110001110011100101
10110010001000100101 10110010000000100101
10110010001000100110 10110010000000100110
10110010001000101100 10110010000000101100
10110010001001011000 10110010000001011000
10110010001010001101 10110010000010001101
10110010001010110001 10110010000010110001
10110010001100011010 10110010000100011010
10110010110010110010 10110010101010110010
10110010110101110010 10110010101101110010
10110100011010001101 10110100010010001101
10111000101000100101 10111000100000100101
10111000101000101100 10111000100000101100
10111000101001011000 10111000100001011000
10111000101010001101 10111000100010001101
10111000101010110001 10111000100010110001
10111000101101110010 10111000100101110010
10111001011101001110 10111001010101001110
10111001011101110010 10111001010101110010
10111001011111011010 10111001010111011010
11000101001000100110 11000101000000100110
11000101001000101100 11000101000000101100
11000101001001011000 11000101000001011000
11000101001010001101 11000101000010001101
11000101001010110001 11000101000010110001
11000101111000111001 11000101110000111001
11000101111001110001 11000101110001110001
11000101111011100101 11000101110011100101
11000101111101001110 11000101110101001110
11000101111101110010 11000101110101110010
11000101111111011001 11000101110111011001
11000101111111011010 11000101110111011010
11000110101000100101 11000110100000100101
11000110101000101100 11000110100000101100
11000110101001011000 11000110100001011000
11000110101010001101 11000110100010001101
11000110101010110001 11000110100010110001
11001010001000100101 11001010000000100101
11001010001000100110 11001010000000100110
11001010001000101100 11001010000000101100
11001010001001011000 11001010000001011000
11001010001010001101 11001010000010001101
11001010001010110001 11001010000010110001
11001011110101001110 11001011101101001110
11001011110101110010 11001011101101110010
11001011110111010011 11001011101111010011
11001011110111011001 11001011101111011001
11001011110111011010 11001011101111011010
11001011111010001110 11001011101010001110
11001011111010011100 11001011101010011100
11001011111010011101 11001011101010011101
11001011111010011110 11001011101010011110
11001011111010101110 11001011101010101110
11001011111010111000 11001011101010111000
11001011111011100010 11001011101011100010
11001011111011100100 11001011101011100100
11001011111011100101 11001011101011100101
11001011111011101001 11001011101011101001
11001011111011101010 11001011101011101010
11001011111011110010 11001011101011110010
11001011111101001110 11001011101101001110
11001011111101001110 11001011110101001110
11001011111101011100 11001011101101011100
11001011111101110010 11001011101101110010
11001011111101110010 11001011110101110010
11001011111110100011 11001011101110100011
11001011111110100110 11001011101110100110
11001011111110101100 11001011101110101100
11001011111110110001 11001011101110110001
11001011111110110010 11001011101110110010
11001011111110110100 11001011101110110100
11001011111110110101 11001011101110110101
11001011111110110110 11001011101110110110
11001011111110111001 11001011101110111001
11001011111110111010 11001011101110111010
11001011111111010011 11001011101111010011
11001011111111010011 11001011110111010011
11001011111111011001 11001011101111011001
11001011111111011001 11001011110111011001
11001011111111011010 11001011101111011010
11001011111111011010 11001011110111011010
11001100011000110011 11001100000000110011
11001101111111010011 11001101110111010011
11001101111111011001 11001101110111011001
11001101111111011010 11001101110111011010
11001110001111000110 11001110000111000110
11010001001001011000 11010001000001011000
11010001101010001101 11010001100010001101
11010001111000111001 11010001110000111001
11010001111011100101 11010001110011100101
11010001111101001110 11010001110101001110
11010001111101110010 11010001110101110010
11010010001000100101 11010010000000100101
11010010001000100110 11010010000000100110
11010010001000101100 11010010000000101100
11010010001001011000 11010010000001011000
11010010001010001101 11010010000010001101
11010010001010110001 11010010000010110001
11010011010100110100 11010011001100110100
11010011010101001101 11010011001101001101
11010011010101110010 11010011001101110010
11010101111101001110 11010101110101001110
11010101111101110010 11010101110101110010
11010101111111010011 11010101110111010011
11011000101000100101 11011000100000100101
11011000101000101100 11011000100000101100
11011000101001011000 11011000100001011000
11011000101010001101 11011000100010001101
11011000101010110001 11011000100010110001
11011000101101110010 11011000100101110010
11100010101000101100 11100010100000101100
11100010101001011000 11100010100001011000
11100010101010001101 11100010100010001101
11100010101010110001 11100010100010110001
11100010111000111001 11100010110000111001
11100010111001110001 11100010110001110001
11100010111011100101 11100010110011100101
11100010111101001110 11100010110101001110
11100010111101110010 11100010110101110010
11100010111110111010 11100010110110111010
11100010111111010011 11100010110111010011
11100010111111011001 11100010110111011001
11100010111111011010 11100010110111011010
11100101110101001110 11100101101101001110
11100101110101110010 11100101101101110010
11100101110110100111 11100101101110100111
11100101110111010011 11100101101111010011
11100101110111011001 11100101101111011001
11100101110111011010 11100101101111011010
11100101111010001110 11100101101010001110
11100101111010011100 11100101101010011100
11100101111010011101 11100101101010011101
11100101111010011110 11100101101010011110
11100101111010101110 11100101101010101110
11100101111010111000 11100101101010111000
11100101111011100010 11100101101011100010
11100101111011100100 11100101101011100100
11100101111011100101 11100101101011100101
11100101111011101001 11100101101011101001
11100101111011101010 11100101101011101010
11100101111011110010 11100101101011110010
11100101111101000111 11100101101101000111
11100101111101001110 11100101101101001110
11100101111101001110 11100101110101001110
11100101111101011100 11100101101101011100
11100101111101110010 11100101101101110010
11100101111101110010 11100101110101110010
11100101111101110100 11100101101101110100
11100101111101110101 11100101101101110101
11100101111101110110 11100101101101110110
11100101111110100011 11100101101110100011
11100101111110100110 11100101101110100110
11100101111110100111 11100101101110100111
11100101111110100111 11100101110110100111
11100101111110101011 11100101101110101011
11100101111110101100 11100101101110101100
11100101111110110001 11100101101110110001
11100101111110110010 11100101101110110010
11100101111110110011 11100101101110110011
11100101111110110100 11100101101110110100
11100101111110110101 11100101101110110101
11100101111110110110 11100101101110110110
11100101111110111001 11100101101110111001
11100101111110111010 11100101101110111010
11100101111111010011 11100101101111010011
11100101111111010011 11100101110111010011
11100101111111011001 11100101101111011001
11100101111111011001 11100101110111011001
11100101111111011010 11100101101111011010
11100101111111011010 11100101110111011010
11100110001111000110 11100110000111000110
11100110111110100111 11100110110110100111
11100110111111010011 11100110110111010011
11100110111111011001 11100110110111011001
11100110111111011010 11100110110111011010
11101000111000111001 11101000110000111001
11101000111011100101 11101000110011100101
11101000111101001110 11101000110101001110
11101000111101110010 11101000110101110010
11101010111101001110 11101010110101001110
11101010111101110010 11101010110101110010
11101010111110100111 11101010110110100111
11101010111111010011 11101010110111010011
11110010111101001110 11110010110101001110
11110010111101110010 11110010110101110010
11110010111110100111 11110010110110100111
11110010111110111010 11110010110110111010
11110010111111010011 11110010110111010011
11110010111111011001 11110010110111011001
11110010111111011010 11110010110111011010
