00000111010100011100 00000111000101011100
00001110010100001110 00001110000101001110
00001110101000111000 00001110001010111000
00001110101000111001 00001110001010111001
00010001111010110001 00010001101011110001
00010110101001100101 00010110011010100101
00010110101001101001 00010110011010101001
00010111010100011100 00010111000101011100
00011000111010100011 00011000101011100011
00011010101001100101 00011010011010100101
00011010101001101001 00011010011010101001
00011100100100001110 00011100001001001110
00011100101000011100 00011100001010011100
00011100101000011101 00011100001010011101
00011101010001011100 00011100010101011100
00011101010001011110 00011100010101011110
00011101010001101110 00011100010101101110
00011101010001110000 00011100010101110000
00011101010001110001 00011100010101110001
00011101010001110010 00011100010101110010
00011101010001110011 00011100010101110011
00011101010001110100 00011100010101110100
00011101010001110110 00011100010101110110
00011101010001111010 00011100010101111010
00011101010001111100 00011100010101111100
00011101010100011100 00011101000101011100
00011110011000011110 00011110000110011110
00011111010100011100 00011111000101011100
00100001111001100001 00100001100111100001
00100011101001100010 00100011001011100010
00100011110101100010 00100011010111100010
00100011110101100011 00100011010111100011
00100011110110110001 00100011011011110001
00100101100101010110 00100101010110010110
00100101100101011010 00100101010110011010
00100111010100011100 00100111000101011100
00101001100101010110 00101001010110010110
00101001100101011010 00101001010110011010
00101100100100001110 00101100001001001110
00101101010011001010 00101100110101001010
00101101010011001011 00101100110101001011
00101101010011010010 00101100110101010010
00101101010011010011 00101100110101010011
00101110010100001110 00101110000101001110
00101110101000111000 00101110001010111000
00101110101000111001 00101110001010111001
00101110101001100101 00101110011010100101
00101110101001101001 00101110011010101001
00101111010100011100 00101111000101011100
00110001110101000110 00110001010111000110
00110001110101000111 00110001010111000111
00110001111010110001 00110001101011110001
00110100100100001110 00110100001001001110
00110101010011001010 00110100110101001010
00110101010011001011 00110100110101001011
00110101010011010010 00110100110101010010
00110101010011010011 00110100110101010011
00110111010100011100 00110111000101011100
00111000101000001110 00111000001010001110
00111000111010100011 00111000101011100011
00111001001000010110 00111000010010010110
00111001001000011010 00111000010010011010
00111001001000011100 00111000010010011100
00111001001000011101 00111000010010011101
00111001010000101110 00111000010100101110
00111001010000111000 00111000010100111000
00111001010000111001 00111000010100111001
00111001010000111010 00111000010100111010
00111001010000111011 00111000010100111011
00111001010000111110 00111000010100111110
00111010010100001110 00111010000101001110
00111010100010110110 00111000101010110110
00111010100010111000 00111000101010111000
00111010100010111001 00111000101010111001
00111010100010111100 00111000101010111100
00111010100010111101 00111000101010111101
00111010100011001110 00111000101011001110
00111010100011010110 00111000101011010110
00111010100011011010 00111000101011011010
00111010100011011100 00111000101011011100
00111010100011011101 00111000101011011101
00111010100011100000 00111000101011100000
00111010100011100001 00111000101011100001
00111010100011100010 00111000101011100010
00111010100011100011 00111000101011100011
00111010100011100011 00111000111010100011
00111010100011100100 00111000101011100100
00111010100011100101 00111000101011100101
00111010100011100110 00111000101011100110
00111010100011100111 00111000101011100111
00111010100011101000 00111000101011101000
00111010100011101001 00111000101011101001
00111010100011101100 00111000101011101100
00111010100011101101 00111000101011101101
00111010100011110010 00111000101011110010
00111010100011110100 00111000101011110100
00111010100011110101 00111000101011110101
00111010100011111000 00111000101011111000
00111010100011111001 00111000101011111001
00111010101000111000 00111010001010111000
00111010101000111001 00111010001010111001
00111010101001100101 00111010011010100101
00111010101001101001 00111010011010101001
00111011010100011100 00111011000101011100
00111100110000111100 00111100001100111100
00111100110000111101 00111100001100111101
00111100110000111110 00111100001100111110
00111101010100011100 00111101000101011100
00111110010100001110 00111110000101001110
00111110011000011110 00111110000110011110
00111110101000111000 00111110001010111000
00111110101000111001 00111110001010111001
01000001111001100001 01000001100111100001
01000001111010110001 01000001101011110001
01000010111010100011 01000010101011100011
01000011001001000010 01000010010011000010
01000011101001100010 01000011001011100010
01000011110011000001 01000011001111000001
01000011110011000010 01000011001111000010
01000011110011000011 01000011001111000011
01000100111010100011 01000100101011100011
01000101111010110001 01000101101011110001
01000110101001100101 01000110011010100101
01000110101001101001 01000110011010101001
01000111010011000010 01000110010111000010
01000111010011000100 01000110010111000100
01000111010011000101 01000110010111000101
01000111010011001001 01000110010111001001
01000111010011010001 01000110010111010001
01000111010100011100 01000111000101011100
01000111101011000001 01000110101111000001
01000111101011000100 01000110101111000100
01000111101011000101 01000110101111000101
01000111101011000110 01000110101111000110
01000111101011000111 01000110101111000111
01000111101011010001 01000110101111010001
01000111101101100010 01000110110111100010
01000111101101100011 01000110110111100011
01000111101101100101 01000110110111100101
01000111101101101001 01000110110111101001
01000111110101110001 01000111010111110001
01001000111010100011 01001000101011100011
01001011001010101100 01001010101100101100
01001011001010101101 01001010101100101101
01001011001010110100 01001010101100110100
01001011001010110101 01001010101100110101
01001011110110110001 01001011011011110001
01001100100100001110 01001100001001001110
01001110010100001110 01001110000101001110
01001110101000111000 01001110001010111000
01001110101000111001 01001110001010111001
01001111010100011100 01001111000101011100
01010000111010100011 01010000101011100011
01010001111010110001 01010001101011110001
01010011001010101100 01010010101100101100
01010011001010101101 01010010101100101101
01010011001010110100 01010010101100110100
01010011001010110101 01010010101100110101
01010011110110110001 01010011011011110001
01010100100100001110 01010100001001001110
01010110010100001110 01010110000101001110
01010110101001100101 01010110011010100101
01010110101001101001 01010110011010101001
01011000101000001110 01011000001010001110
01011000111010100011 01011000101011100011
01011001001000010110 01011000010010010110
01011001001000011010 01011000010010011010
01011001001000011100 01011000010010011100
01011001001000011101 01011000010010011101
01011001100101010110 01011001010110010110
01011001100101011010 01011001010110011010
01011010010100001110 01011010000101001110
01011010010110011010 01011001101001011010
01011010100110000101 01011001101010000101
01011010100110001001 01011001101010001001
01011010100110001011 01011001101010001011
01011010100110001110 01011001101010001110
01011010100110010001 01011001101010010001
01011010100110010100 01011001101010010100
01011010100110010101 01011001101010010101
01011010100110010110 01011001101010010110
01011010100110010111 01011001101010010111
01011010100110011010 01011001101010011010
01011010100110011101 01011001101010011101
01011010100110100001 01011001101010100001
01011010100110100011 01011001101010100011
01011010100110100100 01011001101010100100
01011010100110100101 01011001101010100101
01011010100110100110 01011001101010100110
01011010100110100111 01011001101010100111
01011010100110101001 01011001101010101001
01011010101001100101 01011010011010100101
01011010101001101001 01011010011010101001
01011011010100011100 01011011000101011100
01011100100100001110 01011100001001001110
01011100101000011100 01011100001010011100
01011100101000011101 01011100001010011101
01011100110100011101 01011100010110011101
01011110010100001110 01011110000101001110
01011110011000011110 01011110000110011110
01011110101000111000 01011110001010111000
01011110101000111001 01011110001010111001
01011110101001100101 01011110011010100101
01011110101001101001 01011110011010101001
01100000111010100011 01100000101011100011
01100001111001100001 01100001100111100001
01100010111010100011 01100010101011100011
01100011101010000011 01100010101110000011
01100011101010000101 01100010101110000101
01100011101010001001 01100010101110001001
01100011101010001011 01100010101110001011
01100011101010001100 01100010101110001100
01100011101010001101 01100010101110001101
01100011101010001110 01100010101110001110
01100011101010001111 01100010101110001111
01100011101010010001 01100010101110010001
01100011101010100001 01100010101110100001
01100011101010100011 01100010101110100011
01100011110101100010 01100011010111100010
01100011110101100011 01100011010111100011
01100011110110110001 01100011011011110001
01100100100100001110 01100100001001001110
01100101100101010110 01100101010110010110
01100101100101011010 01100101010110011010
01100111010100011100 01100111000101011100
01101000101000001110 01101000001010001110
01101000111010100011 01101000101011100011
01101001001000010110 01101000010010010110
01101001001000011010 01101000010010011010
01101001001000011100 01101000010010011100
01101001001000011101 01101000010010011101
01101001100101010110 01101001010110010110
01101001100101011010 01101001010110011010
01101010010100001110 01101010000101001110
01101010100101101001 01101001011010101001
01101010100110000101 01101001101010000101
01101010100110001001 01101001101010001001
01101010100110001011 01101001101010001011
01101010100110001110 01101001101010001110
01101010100110010001 01101001101010010001
01101010100110010100 01101001101010010100
01101010100110010101 01101001101010010101
01101010100110010110 01101001101010010110
01101010100110010111 01101001101010010111
01101010100110011010 01101001101010011010
01101010100110011101 01101001101010011101
01101010100110100001 01101001101010100001
01101010100110100011 01101001101010100011
01101010100110100100 01101001101010100100
01101010100110100101 01101001101010100101
01101010100110100110 01101001101010100110
01101010100110100111 01101001101010100111
01101010100110101001 01101001101010101001
01101010101001100101 01101010011010100101
01101010101001101001 01101010011010101001
01101011010100011100 01101011000101011100
01101100110100011101 01101100010110011101
01101101010100011100 01101101000101011100
01101110010100001110 01101110000101001110
01101110011000011110 01101110000110011110
01101110101000111000 01101110001010111000
01101110101000111001 01101110001010111001
01101110101001100101 01101110011010100101
01101110101001101001 01101110011010101001
01110000110000001110 01110000001100001110
01110001001000001110 01110000010010001110
01110001010000010110 01110000010100010110
01110001010000011010 01110000010100011010
01110001010000011100 01110000010100011100
01110001010000011101 01110000010100011101
01110001100101010110 01110001010110010110
01110001100101011010 01110001010110011010
01110001110101000110 01110001010111000110
01110001110101000111 01110001010111000111
01110001111010110001 01110001101011110001
01110010010000001110 01110000001001001110
01110010010000100110 01110000100100100110
01110010010000101010 01110000100100101010
01110010010000101100 01110000100100101100
01110010010000101101 01110000100100101101
01110010010000101110 01110000100100101110
01110010010000110010 01110000100100110010
01110010010000110100 01110000100100110100
01110010010000110101 01110000100100110101
01110010010000111000 01110000100100111000
01110010010000111001 01110000100100111001
01110010010000111010 01110000100100111010
01110010010000111011 01110000100100111011
01110010010000111110 01110000100100111110
01110010100001010110 01110000101001010110
01110010100001011010 01110000101001011010
01110010100001011100 01110000101001011100
01110010100001011101 01110000101001011101
01110010100001011110 01110000101001011110
01110010100001101010 01110000101001101010
01110010100001101110 01110000101001101110
01110010100001110000 01110000101001110000
01110010100001110001 01110000101001110001
01110010100001110010 01110000101001110010
01110010100001110011 01110000101001110011
01110010100001110100 01110000101001110100
01110010100001110101 01110000101001110101
01110010100001110110 01110000101001110110
01110010100001110111 01110000101001110111
01110010100001111010 01110000101001111010
01110010100001111100 01110000101001111100
01110010100001111101 01110000101001111101
01110011010100011100 01110011000101011100
01110100100100001110 01110100001001001110
01110100101000011100 01110100001010011100
01110100101000011101 01110100001010011101
01110100110100011101 01110100010110011101
01110110010100001110 01110110000101001110
01110110011000011110 01110110000110011110
01110110101000111000 01110110001010111000
01110110101000111001 01110110001010111001
01110110101001100101 01110110011010100101
01110110101001101001 01110110011010101001
01111000110000011110 01111000001100011110
01111000111010100011 01111000101011100011
01111001100001011110 01111000011001011110
01111001100001101110 01111000011001101110
01111001100001110110 01111000011001110110
01111001100001111000 01111000011001111000
01111001100001111001 01111000011001111001
01111001100001111010 01111000011001111010
01111001100001111011 01111000011001111011
01111001100001111100 01111000011001111100
01111001100001111101 01111000011001111101
01111001100001111110 01111000011001111110
01111010010100001110 01111010000101001110
01111010011000011110 01111010000110011110
01111010101000111000 01111010001010111000
01111010101000111001 01111010001010111001
01111010101001100101 01111010011010100101
01111010101001101001 01111010011010101001
01111100100100001110 01111100001001001110
01111100101000011100 01111100001010011100
01111100101000011101 01111100001010011101
01111100110000111100 01111100001100111100
01111100110000111101 01111100001100111101
01111100110000111110 01111100001100111110
01111110011000011110 01111110000110011110
