000000111010100011100 000000111000101011100
000001110010100001110 000001110000101001110
000001110101000111000 000001110001010111000
000001110101000111001 000001110001010111001
000010001111010110001 000010001101011110001
000010110101001100101 000010110011010100101
000010110101001101001 000010110011010101001
000010111010100011100 000010111000101011100
000011000111010100011 000011000101011100011
000011010101001100101 000011010011010100101
000011010101001101001 000011010011010101001
000011100100100001110 000011100001001001110
000011100101000011100 000011100001010011100
000011100101000011101 000011100001010011101
000011101010001011100 000011100010101011100
000011101010001011110 000011100010101011110
000011101010001101110 000011100010101101110
000011101010001110000 000011100010101110000
000011101010001110001 000011100010101110001
000011101010001110010 000011100010101110010
000011101010001110011 000011100010101110011
000011101010001110100 000011100010101110100
000011101010001110110 000011100010101110110
000011101010001111010 000011100010101111010
000011101010001111100 000011100010101111100
000011101010100011100 000011101000101011100
000011110011000011110 000011110000110011110
000011111010100011100 000011111000101011100
000100001111001100001 000100001100111100001
000100011101001100010 000100011001011100010
000100011110101100010 000100011010111100010
000100011110101100011 000100011010111100011
000100011110110110001 000100011011011110001
000100101100101010110 000100101010110010110
000100101100101011010 000100101010110011010
000100111010100011100 000100111000101011100
000101001100101010110 000101001010110010110
000101001100101011010 000101001010110011010
000101100100100001110 000101100001001001110
000101101010011001010 000101100110101001010
000101101010011001011 000101100110101001011
000101101010011010010 000101100110101010010
000101101010011010011 000101100110101010011
000101110010100001110 000101110000101001110
000101110101000111000 000101110001010111000
000101110101000111001 000101110001010111001
000101110101001100101 000101110011010100101
000101110101001101001 000101110011010101001
000101111010100011100 000101111000101011100
000110001110101000110 000110001010111000110
000110001110101000111 000110001010111000111
000110001111010110001 000110001101011110001
000110100100100001110 000110100001001001110
000110101010011001010 000110100110101001010
000110101010011001011 000110100110101001011
000110101010011010010 000110100110101010010
000110101010011010011 000110100110101010011
000110111010100011100 000110111000101011100
000111000101000001110 000111000001010001110
000111000111010100011 000111000101011100011
000111001001000010110 000111000010010010110
000111001001000011010 000111000010010011010
000111001001000011100 000111000010010011100
000111001001000011101 000111000010010011101
000111001010000101110 000111000010100101110
000111001010000111000 000111000010100111000
000111001010000111001 000111000010100111001
000111001010000111010 000111000010100111010
000111001010000111011 000111000010100111011
000111001010000111110 000111000010100111110
000111010010100001110 000111010000101001110
000111010100010110110 000111000101010110110
000111010100010111000 000111000101010111000
000111010100010111001 000111000101010111001
000111010100010111100 000111000101010111100
000111010100010111101 000111000101010111101
000111010100011001110 000111000101011001110
000111010100011010110 000111000101011010110
000111010100011011010 000111000101011011010
000111010100011011100 000111000101011011100
000111010100011011101 000111000101011011101
000111010100011100000 000111000101011100000
000111010100011100001 000111000101011100001
000111010100011100010 000111000101011100010
000111010100011100011 000111000101011100011
000111010100011100011 000111000111010100011
000111010100011100100 000111000101011100100
000111010100011100101 000111000101011100101
000111010100011100110 000111000101011100110
000111010100011100111 000111000101011100111
000111010100011101000 000111000101011101000
000111010100011101001 000111000101011101001
000111010100011101100 000111000101011101100
000111010100011101101 000111000101011101101
000111010100011110010 000111000101011110010
000111010100011110100 000111000101011110100
000111010100011110101 000111000101011110101
000111010100011111000 000111000101011111000
000111010100011111001 000111000101011111001
000111010101000111000 000111010001010111000
000111010101000111001 000111010001010111001
000111010101001100101 000111010011010100101
000111010101001101001 000111010011010101001
000111011010100011100 000111011000101011100
000111100110000111100 000111100001100111100
000111100110000111101 000111100001100111101
000111100110000111110 000111100001100111110
000111101010100011100 000111101000101011100
000111110010100001110 000111110000101001110
000111110011000011110 000111110000110011110
000111110101000111000 000111110001010111000
000111110101000111001 000111110001010111001
001000001111001100001 001000001100111100001
001000001111010110001 001000001101011110001
001000010111010100011 001000010101011100011
001000011001001000010 001000010010011000010
001000011101001100010 001000011001011100010
001000011110011000001 001000011001111000001
001000011110011000010 001000011001111000010
001000011110011000011 001000011001111000011
001000100111010100011 001000100101011100011
001000101111010110001 001000101101011110001
001000110101001100101 001000110011010100101
001000110101001101001 001000110011010101001
001000111010011000010 001000110010111000010
001000111010011000100 001000110010111000100
001000111010011000101 001000110010111000101
001000111010011001001 001000110010111001001
001000111010011010001 001000110010111010001
001000111010100011100 001000111000101011100
001000111101011000001 001000110101111000001
001000111101011000100 001000110101111000100
001000111101011000101 001000110101111000101
001000111101011000110 001000110101111000110
001000111101011000111 001000110101111000111
001000111101011010001 001000110101111010001
001000111101101100010 001000110110111100010
001000111101101100011 001000110110111100011
001000111101101100101 001000110110111100101
001000111101101101001 001000110110111101001
001000111110101110001 001000111010111110001
001001000111010100011 001001000101011100011
001001011001010101100 001001010101100101100
001001011001010101101 001001010101100101101
001001011001010110100 001001010101100110100
001001011001010110101 001001010101100110101
001001011110110110001 001001011011011110001
001001100100100001110 001001100001001001110
001001110010100001110 001001110000101001110
001001110101000111000 001001110001010111000
001001110101000111001 001001110001010111001
001001111010100011100 001001111000101011100
001010000111010100011 001010000101011100011
001010001111010110001 001010001101011110001
001010011001010101100 001010010101100101100
001010011001010101101 001010010101100101101
001010011001010110100 001010010101100110100
001010011001010110101 001010010101100110101
001010011110110110001 001010011011011110001
001010100100100001110 001010100001001001110
001010110010100001110 001010110000101001110
001010110101001100101 001010110011010100101
001010110101001101001 001010110011010101001
001010111010100011100 001010111000101011100
001011000101000001110 001011000001010001110
001011000111010100011 001011000101011100011
001011001001000010110 001011000010010010110
001011001001000011010 001011000010010011010
001011001001000011100 001011000010010011100
001011001001000011101 001011000010010011101
001011001100101010110 001011001010110010110
001011001100101011010 001011001010110011010
001011010010100001110 001011010000101001110
001011010010110011010 001011001101001011010
001011010100110000101 001011001101010000101
001011010100110001001 001011001101010001001
001011010100110001011 001011001101010001011
001011010100110001110 001011001101010001110
001011010100110010001 001011001101010010001
001011010100110010100 001011001101010010100
001011010100110010101 001011001101010010101
001011010100110010110 001011001101010010110
001011010100110010111 001011001101010010111
001011010100110011010 001011001101010011010
001011010100110011101 001011001101010011101
001011010100110100001 001011001101010100001
001011010100110100011 001011001101010100011
001011010100110100100 001011001101010100100
001011010100110100101 001011001101010100101
001011010100110100110 001011001101010100110
001011010100110100111 001011001101010100111
001011010100110101001 001011001101010101001
001011010101001100101 001011010011010100101
001011010101001101001 001011010011010101001
001011011010100011100 001011011000101011100
001011100100100001110 001011100001001001110
001011100101000011100 001011100001010011100
001011100101000011101 001011100001010011101
001011100110100011101 001011100010110011101
001011101010001011100 001011100010101011100
001011101010001011110 001011100010101011110
001011101010001101110 001011100010101101110
001011101010001110000 001011100010101110000
001011101010001110001 001011100010101110001
001011101010001110010 001011100010101110010
001011101010001110011 001011100010101110011
001011101010001110100 001011100010101110100
001011101010001110110 001011100010101110110
001011101010001111010 001011100010101111010
001011101010001111100 001011100010101111100
001011101010011001010 001011100110101001010
001011101010011001011 001011100110101001011
001011101010011010010 001011100110101010010
001011101010011010011 001011100110101010011
001011101010100011100 001011101000101011100
001011110010100001110 001011110000101001110
001011110011000011110 001011110000110011110
001011110101000111000 001011110001010111000
001011110101000111001 001011110001010111001
001011110101001100101 001011110011010100101
001011110101001101001 001011110011010101001
001011111010100011100 001011111000101011100
001100000111010100011 001100000101011100011
001100001111001100001 001100001100111100001
001100010111010100011 001100010101011100011
001100011101010000011 001100010101110000011
001100011101010000101 001100010101110000101
001100011101010001001 001100010101110001001
001100011101010001011 001100010101110001011
001100011101010001100 001100010101110001100
001100011101010001101 001100010101110001101
001100011101010001110 001100010101110001110
001100011101010001111 001100010101110001111
001100011101010010001 001100010101110010001
001100011101010100001 001100010101110100001
001100011101010100011 001100010101110100011
001100011110101100010 001100011010111100010
001100011110101100011 001100011010111100011
001100011110110110001 001100011011011110001
001100100100100001110 001100100001001001110
001100101100101010110 001100101010110010110
001100101100101011010 001100101010110011010
001100111010100011100 001100111000101011100
001101000101000001110 001101000001010001110
001101000111010100011 001101000101011100011
001101001001000010110 001101000010010010110
001101001001000011010 001101000010010011010
001101001001000011100 001101000010010011100
001101001001000011101 001101000010010011101
001101001100101010110 001101001010110010110
001101001100101011010 001101001010110011010
001101010010100001110 001101010000101001110
001101010100101101001 001101001011010101001
001101010100110000101 001101001101010000101
001101010100110001001 001101001101010001001
001101010100110001011 001101001101010001011
001101010100110001110 001101001101010001110
001101010100110010001 001101001101010010001
001101010100110010100 001101001101010010100
001101010100110010101 001101001101010010101
001101010100110010110 001101001101010010110
001101010100110010111 001101001101010010111
001101010100110011010 001101001101010011010
001101010100110011101 001101001101010011101
001101010100110100001 001101001101010100001
001101010100110100011 001101001101010100011
001101010100110100100 001101001101010100100
001101010100110100101 001101001101010100101
001101010100110100110 001101001101010100110
001101010100110100111 001101001101010100111
001101010100110101001 001101001101010101001
001101010101001100101 001101010011010100101
001101010101001101001 001101010011010101001
001101011010100011100 001101011000101011100
001101100110100011101 001101100010110011101
001101101010100011100 001101101000101011100
001101110010100001110 001101110000101001110
001101110011000011110 001101110000110011110
001101110101000111000 001101110001010111000
001101110101000111001 001101110001010111001
001101110101001100101 001101110011010100101
001101110101001101001 001101110011010101001
001110000110000001110 001110000001100001110
001110001001000001110 001110000010010001110
001110001010000010110 001110000010100010110
001110001010000011010 001110000010100011010
001110001010000011100 001110000010100011100
001110001010000011101 001110000010100011101
001110001100101010110 001110001010110010110
001110001100101011010 001110001010110011010
001110001110101000110 001110001010111000110
001110001110101000111 001110001010111000111
001110001111010110001 001110001101011110001
001110010010000001110 001110000001001001110
001110010010000100110 001110000100100100110
001110010010000101010 001110000100100101010
001110010010000101100 001110000100100101100
001110010010000101101 001110000100100101101
001110010010000101110 001110000100100101110
001110010010000110010 001110000100100110010
001110010010000110100 001110000100100110100
001110010010000110101 001110000100100110101
001110010010000111000 001110000100100111000
001110010010000111001 001110000100100111001
001110010010000111010 001110000100100111010
001110010010000111011 001110000100100111011
001110010010000111110 001110000100100111110
001110010100001010110 001110000101001010110
001110010100001011010 001110000101001011010
001110010100001011100 001110000101001011100
001110010100001011101 001110000101001011101
001110010100001011110 001110000101001011110
001110010100001101010 001110000101001101010
001110010100001101110 001110000101001101110
001110010100001110000 001110000101001110000
001110010100001110001 001110000101001110001
001110010100001110010 001110000101001110010
001110010100001110011 001110000101001110011
001110010100001110100 001110000101001110100
001110010100001110101 001110000101001110101
001110010100001110110 001110000101001110110
001110010100001110111 001110000101001110111
001110010100001111010 001110000101001111010
001110010100001111100 001110000101001111100
001110010100001111101 001110000101001111101
001110011010010011100 001110010010110011100
001110011010100011100 001110011000101011100
001110100100100001110 001110100001001001110
001110100101000011100 001110100001010011100
001110100101000011101 001110100001010011101
001110100110100011101 001110100010110011101
001110101000101011100 001110001010101011100
001110101000101011110 001110001010101011110
001110101000101101100 001110001010101101100
001110101000101101101 001110001010101101101
001110101000101101110 001110001010101101110
001110101000101110000 001110001010101110000
001110101000101110001 001110001010101110001
001110101000101110010 001110001010101110010
001110101000101110011 001110001010101110011
001110101000101110100 001110001010101110100
001110101000101110110 001110001010101110110
001110101000101111000 001110001010101111000
001110101000101111001 001110001010101111001
001110101000101111010 001110001010101111010
001110101000101111011 001110001010101111011
001110101000101111100 001110001010101111100
001110101000101111110 001110001010101111110
001110101000110011100 001110001010110011100
001110101000110011101 001110001010110011101
001110101000110101100 001110001010110101100
001110101000110101101 001110001010110101101
001110101000110101110 001110001010110101110
001110101000110110010 001110001010110110010
001110101000110110100 001110001010110110100
001110101000110110101 001110001010110110101
001110101000110111000 001110001010110111000
001110101000110111001 001110001010110111001
001110101000110111010 001110001010110111010
001110101000110111011 001110001010110111011
001110101000110111110 001110001010110111110
001110101000111000000 001110001010111000000
001110101000111000001 001110001010111000001
001110101000111000010 001110001010111000010
001110101000111000011 001110001010111000011
001110101000111000100 001110001010111000100
001110101000111000101 001110001010111000101
001110101000111000110 001110001010111000110
001110101000111000110 001110001110101000110
001110101000111000111 001110001010111000111
001110101000111000111 001110001110101000111
001110101000111001000 001110001010111001000
001110101000111001001 001110001010111001001
001110101000111001010 001110001010111001010
001110101000111001011 001110001010111001011
001110101000111001100 001110001010111001100
001110101000111001101 001110001010111001101
001110101000111001110 001110001010111001110
001110101000111001111 001110001010111001111
001110101000111010000 001110001010111010000
001110101000111010001 001110001010111010001
001110101000111010010 001110001010111010010
001110101000111010011 001110001010111010011
001110101000111010100 001110001010111010100
001110101000111010110 001110001010111010110
001110101000111011000 001110001010111011000
001110101000111011001 001110001010111011001
001110101000111011010 001110001010111011010
001110101000111011011 001110001010111011011
001110101000111011100 001110001010111011100
001110101000111011110 001110001010111011110
001110101000111100010 001110001010111100010
001110101000111100100 001110001010111100100
001110101000111100101 001110001010111100101
001110101000111101000 001110001010111101000
001110101000111101001 001110001010111101001
001110101000111101010 001110001010111101010
001110101000111101011 001110001010111101011
001110101000111101110 001110001010111101110
001110101000111110000 001110001010111110000
001110101000111110001 001110001010111110001
001110101000111110010 001110001010111110010
001110101000111110011 001110001010111110011
001110101000111110100 001110001010111110100
001110101000111110110 001110001010111110110
001110101000111111010 001110001010111111010
001110101000111111100 001110001010111111100
001110101010001011100 001110100010101011100
001110101010001011110 001110100010101011110
001110101010001101110 001110100010101101110
001110101010001110000 001110100010101110000
001110101010001110001 001110100010101110001
001110101010001110010 001110100010101110010
001110101010001110011 001110100010101110011
001110101010001110100 001110100010101110100
001110101010001110110 001110100010101110110
001110101010001111010 001110100010101111010
001110101010001111100 001110100010101111100
001110101010011001010 001110100110101001010
001110101010011001011 001110100110101001011
001110101010011010010 001110100110101010010
001110101010011010011 001110100110101010011
001110101010100011100 001110001010101011100
001110101010100011100 001110101000101011100
001110110010100001110 001110110000101001110
001110110011000011110 001110110000110011110
001110110101000111000 001110110001010111000
001110110101000111001 001110110001010111001
001110110101001100101 001110110011010100101
001110110101001101001 001110110011010101001
001110111010100011100 001110111000101011100
001111000110000011110 001111000001100011110
001111000111010100011 001111000101011100011
001111001100001011110 001111000011001011110
001111001100001101110 001111000011001101110
001111001100001110110 001111000011001110110
001111001100001111000 001111000011001111000
001111001100001111001 001111000011001111001
001111001100001111010 001111000011001111010
001111001100001111011 001111000011001111011
001111001100001111100 001111000011001111100
001111001100001111101 001111000011001111101
001111001100001111110 001111000011001111110
001111010010100001110 001111010000101001110
001111010011000011110 001111010000110011110
001111010101000111000 001111010001010111000
001111010101000111001 001111010001010111001
001111010101001100101 001111010011010100101
001111010101001101001 001111010011010101001
001111100100100001110 001111100001001001110
001111100101000011100 001111100001010011100
001111100101000011101 001111100001010011101
001111100110000111100 001111100001100111100
001111100110000111101 001111100001100111101
001111100110000111110 001111100001100111110
001111101010001011100 001111100010101011100
001111101010001011110 001111100010101011110
001111101010001101110 001111100010101101110
001111101010001110000 001111100010101110000
001111101010001110001 001111100010101110001
001111101010001110010 001111100010101110010
001111101010001110011 001111100010101110011
001111101010001110100 001111100010101110100
001111101010001110110 001111100010101110110
001111101010001111010 001111100010101111010
001111101010001111100 001111100010101111100
001111101010100011100 001111101000101011100
001111110011000011110 001111110000110011110
001111111010100011100 001111111000101011100
010000001111001100001 010000001100111100001
010000011001001000010 010000010010011000010
010000011101001100010 010000011001011100010
010000011110011000001 010000011001111000001
010000011110011000010 010000011001111000010
010000011110011000011 010000011001111000011
010000011110101100010 010000011010111100010
010000011110101100011 010000011010111100011
010000011110110110001 010000011011011110001
010000101100101010110 010000101010110010110
010000101100101011010 010000101010110011010
010000101110101000110 010000101010111000110
010000101110101000111 010000101010111000111
010000101111001100001 010000101100111100001
010000101111010110001 010000101101011110001
010000110010010000010 010000100100110000010
010000110010010000100 010000100100110000100
010000110010010000101 010000100100110000101
010000111010011000010 010000110010111000010
010000111010011000100 010000110010111000100
010000111010011000101 010000110010111000101
010000111010011001001 010000110010111001001
010000111010011010001 010000110010111010001
010000111010100011100 010000111000101011100
010000111100110000001 010000110011110000001
010000111100110000010 010000110011110000010
010000111100110000011 010000110011110000011
010000111100110000100 010000110011110000100
010000111100110000101 010000110011110000101
010000111100110000110 010000110011110000110
010000111100110000111 010000110011110000111
010000111100110001001 010000110011110001001
010000111100110010001 010000110011110010001
010000111100110100001 010000110011110100001
010000111110011100001 010000111001111100001
010001001100101010110 010001001010110010110
010001001100101011010 010001001010110011010
010001001110101000110 010001001010111000110
010001001110101000111 010001001010111000111
010001001111001100001 010001001100111100001
010001001111010110001 010001001101011110001
010001011101001100010 010001011001011100010
010001011110101100010 010001011010111100010
010001011110101100011 010001011010111100011
010001011110110110001 010001011011011110001
010001100100100001110 010001100001001001110
010001100111010100011 010001100101011100011
010001101010011001010 010001100110101001010
010001101010011001011 010001100110101001011
010001101010011010010 010001100110101010010
010001101010011010011 010001100110101010011
010001110010011001110 010001100111001001110
010001110010100001110 010001110000101001110
010001110100110000010 010001100101110000010
010001110100110000100 010001100101110000100
010001110100110000101 010001100101110000101
010001110100110001000 010001100101110001000
010001110100110001001 010001100101110001001
010001110100110001010 010001100101110001010
010001110100110001011 010001100101110001011
010001110100110001110 010001100101110001110
010001110100110010001 010001100101110010001
010001110100110010010 010001100101110010010
010001110100110010011 010001100101110010011
010001110100110100001 010001100101110100001
010001110100110100010 010001100101110100010
010001110100110100011 010001100101110100011
010001110101000111000 010001110001010111000
010001110101000111001 010001110001010111001
010001110101001100101 010001110011010100101
010001110101001101001 010001110011010101001
010001111010100011100 010001111000101011100
010001111010110000010 010001101011110000010
010001111010110000011 010001101011110000011
010001111010110000101 010001101011110000101
010001111010110001000 010001101011110001000
010001111010110001001 010001101011110001001
010001111010110001010 010001101011110001010
010001111010110001011 010001101011110001011
010001111010110001100 010001101011110001100
010001111010110001101 010001101011110001101
010001111010110001110 010001101011110001110
010001111010110001111 010001101011110001111
010001111010110010001 010001101011110010001
010001111010110010101 010001101011110010101
010001111010110100001 010001101011110100001
010001111010110100010 010001101011110100010
010001111010110100011 010001101011110100011
010001111010110100101 010001101011110100101
010001111010110101001 010001101011110101001
010001111011011000001 010001101101111000001
010001111011011000100 010001101101111000100
010001111011011000101 010001101101111000101
010001111011011000110 010001101101111000110
010001111011011000111 010001101101111000111
010001111011011001010 010001101101111001010
010001111011011001011 010001101101111001011
010001111011011001101 010001101101111001101
010001111011011010001 010001101101111010001
010001111011011010010 010001101101111010010
010001111011011010011 010001101101111010011
010001111011011010101 010001101101111010101
010001111011011011001 010001101101111011001
010001111101011100010 010001110101111100010
010001111101011100011 010001110101111100011
010001111101011100101 010001110101111100101
010001111101011101001 010001110101111101001
010001111101101110001 010001110110111110001
010001111110011110001 010001111001111110001
010001111110110110001 010001101101111110001
010010001100101010110 010010001010110010110
010010001100101011010 010010001010110011010
010010001110101000110 010010001010111000110
010010001110101000111 010010001010111000111
010010001111001100001 010010001100111100001
010010001111010110001 010010001101011110001
010010010111010100011 010010010101011100011
010010011101001100010 010010011001011100010
010010100111010100011 010010100101011100011
010010101100101010110 010010101010110010110
010010101100101011010 010010101010110011010
010010101111010110001 010010101101011110001
010010110010101010110 010010101011001010110
010010110010101011000 010010101011001011000
010010110010101011001 010010101011001011001
010010110010101011010 010010101011001011010
010010110010101011011 010010101011001011011
010010110010101011100 010010101011001011100
010010110010101011110 010010101011001011110
010010110010101100010 010010101011001100010
010010110010101100101 010010101011001100101
010010110010101101000 010010101011001101000
010010110010101101001 010010101011001101001
010010110010101101010 010010101011001101010
010010110010101101011 010010101011001101011
010010110010101101110 010010101011001101110
010010110010101110001 010010101011001110001
010010110010101110100 010010101011001110100
010010110010101110110 010010101011001110110
010010110010101111010 010010101011001111010
010010110100101010110 010010101011010010110
010010110101001100101 010010110011010100101
010010110101001101001 010010110011010101001
010010111010100011100 010010111000101011100
010010111101101100010 010010110110111100010
010010111101101100011 010010110110111100011
010010111101101100101 010010110110111100101
010010111101101101001 010010110110111101001
010010111110101110001 010010111010111110001
010011000111010100011 010011000101011100011
010011001001000010110 010011000010010010110
010011001001000011010 010011000010010011010
010011001001000011100 010011000010010011100
010011001001000011101 010011000010010011101
010011010101001100101 010011010011010100101
010011010101001101001 010011010011010101001
010011011010100011100 010011011000101011100
010011011110110110001 010011011011011110001
010011100100100001110 010011100001001001110
010011100101000011100 010011100001010011100
010011100101000011101 010011100001010011101
010011101010001011100 010011100010101011100
010011101010001011110 010011100010101011110
010011101010001101110 010011100010101101110
010011101010001110000 010011100010101110000
010011101010001110001 010011100010101110001
010011101010001110010 010011100010101110010
010011101010001110011 010011100010101110011
010011101010001110100 010011100010101110100
010011101010001110110 010011100010101110110
010011101010001111010 010011100010101111010
010011101010001111100 010011100010101111100
010011101010100011100 010011101000101011100
010011110010100001110 010011110000101001110
010011110011000011110 010011110000110011110
010011110101000111000 010011110001010111000
010011110101000111001 010011110001010111001
010011111010100011100 010011111000101011100
010100001100101010110 010100001010110010110
010100001100101011010 010100001010110011010
010100001110101000110 010100001010111000110
010100001110101000111 010100001010111000111
010100001111001100001 010100001100111100001
010100001111010110001 010100001101011110001
010100010001000001010 010100000100010001010
010100010001000001110 010100000100010001110
010100011101001100010 010100011001011100010
010100011110101100010 010100011010111100010
010100011110101100011 010100011010111100011
010100011110110110001 010100011011011110001
010100100111010100011 010100100101011100011
010100101100101010110 010100101010110010110
010100101100101011010 010100101010110011010
010100101111010110001 010100101101011110001
010100110010101010110 010100101011001010110
010100110010101011000 010100101011001011000
010100110010101011001 010100101011001011001
010100110010101011010 010100101011001011010
010100110010101011011 010100101011001011011
010100110010101011100 010100101011001011100
010100110010101011110 010100101011001011110
010100110010101100010 010100101011001100010
010100110010101100101 010100101011001100101
010100110010101101000 010100101011001101000
010100110010101101001 010100101011001101001
010100110010101101010 010100101011001101010
010100110010101101011 010100101011001101011
010100110010101101110 010100101011001101110
010100110010101110001 010100101011001110001
010100110010101110100 010100101011001110100
010100110010101110110 010100101011001110110
010100110010101111010 010100101011001111010
010100110010110100101 010100101101001100101
010100110101001100101 010100110011010100101
010100110101001101001 010100110011010101001
010100111010100011100 010100111000101011100
010100111101101100010 010100110110111100010
010100111101101100011 010100110110111100011
010100111101101100101 010100110110111100101
010100111101101101001 010100110110111101001
010100111110101110001 010100111010111110001
010101001001000010110 010101000010010010110
010101001001000011010 010101000010010011010
010101001001000011100 010101000010010011100
010101001001000011101 010101000010010011101
010101001100101010110 010101001010110010110
010101001100101011010 010101001010110011010
010101001111010110001 010101001101011110001
010101011110110110001 010101011011011110001
010101100100100001110 010101100001001001110
010101100101000011100 010101100001010011100
010101100101000011101 010101100001010011101
010101101010011001010 010101100110101001010
010101101010011001011 010101100110101001011
010101101010011010010 010101100110101010010
010101101010011010011 010101100110101010011
010101110010100001110 010101110000101001110
010101111010100011100 010101111000101011100
010110000111010100011 010110000101011100011
010110001001000001110 010110000010010001110
010110001010000010110 010110000010100010110
010110001010000011010 010110000010100011010
010110001010000011100 010110000010100011100
010110001010000011101 010110000010100011101
010110001100101010110 010110001010110010110
010110001100101011010 010110001010110011010
010110001110101000110 010110001010111000110
010110001110101000111 010110001010111000111
010110001111010110001 010110001101011110001
010110010001000011010 010110000100010011010
010110010010000100110 010110000100100100110
010110010010000101010 010110000100100101010
010110010010000101100 010110000100100101100
010110010010000101101 010110000100100101101
010110010010000101110 010110000100100101110
010110010010000110010 010110000100100110010
010110010010000110100 010110000100100110100
010110010010000110101 010110000100100110101
010110010010000111000 010110000100100111000
010110010010000111001 010110000100100111001
010110010010000111010 010110000100100111010
010110010010000111011 010110000100100111011
010110010010000111110 010110000100100111110
010110011001010101100 010110010101100101100
010110011001010101101 010110010101100101101
010110011001010110100 010110010101100110100
010110011001010110101 010110010101100110101
010110011110110110001 010110011011011110001
010110100100100001110 010110100001001001110
010110100101000011100 010110100001010011100
010110100101000011101 010110100001010011101
010110100101100110100 010110011010010110100
010110100101100110101 010110011010010110101
010110101001100001010 010110011010100001010
010110101001100001011 010110011010100001011
010110101001100010010 010110011010100010010
010110101001100010011 010110011010100010011
010110101001100010110 010110011010100010110
010110101001100010111 010110011010100010111
010110101001100011010 010110011010100011010
010110101001100011100 010110011010100011100
010110101001100011101 010110011010100011101
010110101001100100010 010110011010100100010
010110101001100100011 010110011010100100011
010110101001100100101 010110011010100100101
010110101001100101000 010110011010100101000
010110101001100101001 010110011010100101001
010110101001100101010 010110011010100101010
010110101001100101011 010110011010100101011
010110101001100101100 010110011010100101100
010110101001100101101 010110011010100101101
010110101001100101110 010110011010100101110
010110101001100101111 010110011010100101111
010110101001100110100 010110011010100110100
010110101001100110101 010110011010100110101
010110101001100111010 010110011010100111010
010110101001100111011 010110011010100111011
010110101001101000010 010110011010101000010
010110101001101000011 010110011010101000011
010110101001101000110 010110011010101000110
010110101001101000111 010110011010101000111
010110101001101001000 010110011010101001000
010110101001101001001 010110011010101001001
010110101001101001010 010110011010101001010
010110101001101001011 010110011010101001011
010110101001101001100 010110011010101001100
010110101001101001101 010110011010101001101
010110101001101001110 010110011010101001110
010110101001101001111 010110011010101001111
010110101001101010010 010110011010101010010
010110101001101010011 010110011010101010011
010110101010011001010 010110100110101001010
010110101010011001011 010110100110101001011
010110101010011010010 010110100110101010010
010110101010011010011 010110100110101010011
010110110010100001110 010110110000101001110
010110110101000111000 010110110001010111000
010110110101000111001 010110110001010111001
010110110101001100101 010110110011010100101
010110110101001101001 010110110011010101001
010110111010100011100 010110111000101011100
010111000101000001110 010111000001010001110
010111000110000011110 010111000001100011110
010111000111010100011 010111000101011100011
010111001001000010110 010111000010010010110
010111001001000011010 010111000010010011010
010111001001000011100 010111000010010011100
010111001001000011101 010111000010010011101
010111001010000101110 010111000010100101110
010111001010000111000 010111000010100111000
010111001010000111001 010111000010100111001
010111001010000111010 010111000010100111010
010111001010000111011 010111000010100111011
010111001010000111110 010111000010100111110
010111001100101010110 010111001010110010110
010111001100101011010 010111001010110011010
010111001101000101110 010111000101100101110
010111001101000110110 010111000101100110110
010111001101000111010 010111000101100111010
010111001101000111011 010111000101100111011
010111001101000111101 010111000101100111101
010111010010100001110 010111010000101001110
010111011010100011100 010111011000101011100
010111100100100001110 010111100001001001110
010111100101000011100 010111100001010011100
010111100101000011101 010111100001010011101
010111100110000111100 010111100001100111100
010111100110000111101 010111100001100111101
010111100110000111110 010111100001100111110
010111100110100011101 010111100010110011101
010111101010001011100 010111100010101011100
010111101010001011110 010111100010101011110
010111101010001101110 010111100010101101110
010111101010001110000 010111100010101110000
010111101010001110001 010111100010101110001
010111101010001110010 010111100010101110010
010111101010001110011 010111100010101110011
010111101010001110100 010111100010101110100
010111101010001110110 010111100010101110110
010111101010001111010 010111100010101111010
010111101010001111100 010111100010101111100
010111101010011001010 010111100110101001010
010111101010011001011 010111100110101001011
010111101010011010010 010111100110101010010
010111101010011010011 010111100110101010011
010111101010100011100 010111101000101011100
010111101101100111101 010111100110110111101
010111110010100001110 010111110000101001110
010111110011000011110 010111110000110011110
010111111010100011100 010111111000101011100
011000001110101000110 011000001010111000110
011000001110101000111 011000001010111000111
011000001111001100001 011000001100111100001
011000001111010110001 011000001101011110001
011000010111010100011 011000010101011100011
011000011110011000001 011000011001111000001
011000011110011000010 011000011001111000010
011000011110011000011 011000011001111000011
011000100111010100011 011000100101011100011
011000101100101010110 011000101010110010110
011000101100101011010 011000101010110011010
011000101110101000110 011000101010111000110
011000101110101000111 011000101010111000111
011000101111010110001 011000101101011110001
011000111000101011100 011000101011100011100
011000111010100000110 011000101011100000110
011000111010100000111 011000101011100000111
011000111010100001010 011000101011100001010
011000111010100001011 011000101011100001011
011000111010100001101 011000101011100001101
011000111010100010010 011000101011100010010
011000111010100010011 011000101011100010011
011000111010100010110 011000101011100010110
011000111010100010111 011000101011100010111
011000111010100011000 011000101011100011000
011000111010100011001 011000101011100011001
011000111010100011010 011000101011100011010
011000111010100011011 011000101011100011011
011000111010100011100 011000101011100011100
011000111010100011100 011000111000101011100
011000111010100011101 011000101011100011101
011000111010100011110 011000101011100011110
011000111010100011111 011000101011100011111
011000111010100100010 011000101011100100010
011000111010100100011 011000101011100100011
011000111010100100101 011000101011100100101
011000111010100101001 011000101011100101001
011000111010100110001 011000101011100110001
011000111010101000010 011000101011101000010
011000111010101000011 011000101011101000011
011000111010101000110 011000101011101000110
011000111010101000111 011000101011101000111
011000111010101001001 011000101011101001001
011000111101011000001 011000110101111000001
011000111101011000100 011000110101111000100
011000111101011000101 011000110101111000101
011000111101011000110 011000110101111000110
011000111101011000111 011000110101111000111
011000111101011010001 011000110101111010001
011000111101101100010 011000110110111100010
011000111101101100011 011000110110111100011
011000111101101100101 011000110110111100101
011000111101101101001 011000110110111101001
011000111110101110001 011000111010111110001
011001000111010100011 011001000101011100011
011001001001000010110 011001000010010010110
011001001001000011010 011001000010010011010
011001001001000011100 011001000010010011100
011001001001000011101 011001000010010011101
011001011001010101100 011001010101100101100
011001011001010101101 011001010101100101101
011001011001010110100 011001010101100110100
011001011001010110101 011001010101100110101
011001011110110110001 011001011011011110001
011001110010100001110 011001110000101001110
011001110101000111000 011001110001010111000
011001110101000111001 011001110001010111001
011010000111010100011 011010000101011100011
011010001001000001110 011010000010010001110
011010001010000010110 011010000010100010110
011010001010000011010 011010000010100011010
011010001010000011100 011010000010100011100
011010001010000011101 011010000010100011101
011010001100101010110 011010001010110010110
011010001100101011010 011010001010110011010
011010001110101000110 011010001010111000110
011010001110101000111 011010001010111000111
011010001111010110001 011010001101011110001
011010010010000100110 011010000100100100110
011010010010000101010 011010000100100101010
011010010010000101100 011010000100100101100
011010010010000101101 011010000100100101101
011010010010000101110 011010000100100101110
011010010010000110010 011010000100100110010
011010010010000110100 011010000100100110100
011010010010000110101 011010000100100110101
011010010010000111000 011010000100100111000
011010010010000111001 011010000100100111001
011010010010000111010 011010000100100111010
011010010010000111011 011010000100100111011
011010010010000111110 011010000100100111110
011010011001010101100 011010010101100101100
011010011001010101101 011010010101100101101
011010011001010110100 011010010101100110100
011010011001010110101 011010010101100110101
011010011110110110001 011010011011011110001
011010100100100001110 011010100001001001110
011010100101000011100 011010100001010011100
011010100101000011101 011010100001010011101
011010101001011010010 011010010110101010010
011010101001011010011 011010010110101010011
011010101001100001010 011010011010100001010
011010101001100001011 011010011010100001011
011010101001100010010 011010011010100010010
011010101001100010011 011010011010100010011
011010101001100010110 011010011010100010110
011010101001100010111 011010011010100010111
011010101001100011010 011010011010100011010
011010101001100011100 011010011010100011100
011010101001100011101 011010011010100011101
011010101001100100010 011010011010100100010
011010101001100100011 011010011010100100011
011010101001100100101 011010011010100100101
011010101001100101000 011010011010100101000
011010101001100101001 011010011010100101001
011010101001100101010 011010011010100101010
011010101001100101011 011010011010100101011
011010101001100101100 011010011010100101100
011010101001100101101 011010011010100101101
011010101001100101110 011010011010100101110
011010101001100101111 011010011010100101111
011010101001100110100 011010011010100110100
011010101001100110101 011010011010100110101
011010101001100111010 011010011010100111010
011010101001100111011 011010011010100111011
011010101001101000010 011010011010101000010
011010101001101000011 011010011010101000011
011010101001101000110 011010011010101000110
011010101001101000111 011010011010101000111
011010101001101001000 011010011010101001000
011010101001101001001 011010011010101001001
011010101001101001010 011010011010101001010
011010101001101001011 011010011010101001011
011010101001101001100 011010011010101001100
011010101001101001101 011010011010101001101
011010101001101001110 011010011010101001110
011010101001101001111 011010011010101001111
011010101001101010010 011010011010101010010
011010101001101010011 011010011010101010011
011010101010011001010 011010100110101001010
011010101010011001011 011010100110101001011
011010101010011010010 011010100110101010010
011010101010011010011 011010100110101010011
011010110010100001110 011010110000101001110
011010110101000111000 011010110001010111000
011010110101000111001 011010110001010111001
011010110101001100101 011010110011010100101
011010110101001101001 011010110011010101001
011010111010100011100 011010111000101011100
011011000110000011110 011011000001100011110
011011000111010100011 011011000101011100011
011011001101000101110 011011000101100101110
011011001101000110110 011011000101100110110
011011001101000111010 011011000101100111010
011011001101000111011 011011000101100111011
011011001101000111101 011011000101100111101
011011010010100001110 011011010000101001110
011011010101000111000 011011010001010111000
011011010101000111001 011011010001010111001
011011010101001100101 011011010011010100101
011011010101001101001 011011010011010101001
011011100100100001110 011011100001001001110
011011100101000011100 011011100001010011100
011011100101000011101 011011100001010011101
011011100110000111100 011011100001100111100
011011100110000111101 011011100001100111101
011011100110000111110 011011100001100111110
011011100110100011101 011011100010110011101
011011101010001011100 011011100010101011100
011011101010001011110 011011100010101011110
011011101010001101110 011011100010101101110
011011101010001110000 011011100010101110000
011011101010001110001 011011100010101110001
011011101010001110010 011011100010101110010
011011101010001110011 011011100010101110011
011011101010001110100 011011100010101110100
011011101010001110110 011011100010101110110
011011101010001111010 011011100010101111010
011011101010001111100 011011100010101111100
011011101010011001010 011011100110101001010
011011101010011001011 011011100110101001011
011011101010011010010 011011100110101010010
011011101010011010011 011011100110101010011
011011101010100011100 011011101000101011100
011011110011000011110 011011110000110011110
011011111010100011100 011011111000101011100
011100000111010100011 011100000101011100011
011100001010000001110 011100000010100001110
011100001100000011100 011100000011000011100
011100001100000011101 011100000011000011101
011100001100000011110 011100000011000011110
011100001111001100001 011100001100111100001
011100010001000001010 011100000100010001010
011100010001000001110 011100000100010001110
011100010010000010110 011100000100100010110
011100010010000011010 011100000100100011010
011100010010000011100 011100000100100011100
011100010010000011101 011100000100100011101
011100010100000101100 011100000101000101100
011100010100000101101 011100000101000101101
011100010100000101110 011100000101000101110
011100010100000110100 011100000101000110100
011100010100000110101 011100000101000110101
011100010100000111000 011100000101000111000
011100010100000111001 011100000101000111001
011100010100000111010 011100000101000111010
011100010100000111011 011100000101000111011
011100010100000111110 011100000101000111110
011100010111010100011 011100010101011100011
011100011001010101100 011100010101100101100
011100011001010101101 011100010101100101101
011100011001010110100 011100010101100110100
011100011001010110101 011100010101100110101
011100011101001100010 011100011001011100010
011100011101010000011 011100010101110000011
011100011101010000101 011100010101110000101
011100011101010001001 011100010101110001001
011100011101010001011 011100010101110001011
011100011101010001100 011100010101110001100
011100011101010001101 011100010101110001101
011100011101010001110 011100010101110001110
011100011101010001111 011100010101110001111
011100011101010010001 011100010101110010001
011100011101010100001 011100010101110100001
011100011101010100011 011100010101110100011
011100011110101100010 011100011010111100010
011100011110101100011 011100011010111100011
011100011110110110001 011100011011011110001
011100100100000011100 011100000010010011100
011100100100000011101 011100000010010011101
011100100100001001100 011100001001001001100
011100100100001001101 011100001001001001101
011100100100001001110 011100001001001001110
011100100100001010100 011100001001001010100
011100100100001010101 011100001001001010101
011100100100001010110 011100001001001010110
011100100100001011000 011100001001001011000
011100100100001011001 011100001001001011001
011100100100001011010 011100001001001011010
011100100100001011011 011100001001001011011
011100100100001011100 011100001001001011100
011100100100001011101 011100001001001011101
011100100100001011110 011100001001001011110
011100100100001100010 011100001001001100010
011100100100001100100 011100001001001100100
011100100100001100101 011100001001001100101
011100100100001101000 011100001001001101000
011100100100001101001 011100001001001101001
011100100100001101010 011100001001001101010
011100100100001101011 011100001001001101011
011100100100001101110 011100001001001101110
011100100100001110000 011100001001001110000
011100100100001110001 011100001001001110001
011100100100001110010 011100001001001110010
011100100100001110011 011100001001001110011
011100100100001110100 011100001001001110100
011100100100001110101 011100001001001110101
011100100100001110110 011100001001001110110
011100100100001110111 011100001001001110111
011100100100001111010 011100001001001111010
011100100100001111100 011100001001001111100
011100100100001111101 011100001001001111101
011100100100100001110 011100100001001001110
011100101000010101100 011100001010010101100
011100101000010101101 011100001010010101101
011100101000010101110 011100001010010101110
011100101000010110100 011100001010010110100
011100101000010110101 011100001010010110101
011100101000010110110 011100001010010110110
011100101000010111000 011100001010010111000
011100101000010111001 011100001010010111001
011100101000010111010 011100001010010111010
011100101000010111011 011100001010010111011
011100101000010111100 011100001010010111100
011100101000010111101 011100001010010111101
011100101000010111110 011100001010010111110
011100101000011001110 011100001010011001110
011100101000011010100 011100001010011010100
011100101000011010101 011100001010011010101
011100101000011010110 011100001010011010110
011100101000011011010 011100001010011011010
011100101000011011100 011100001010011011100
011100101000011011101 011100001010011011101
011100101000011100000 011100001010011100000
011100101000011100001 011100001010011100001
011100101000011100010 011100001010011100010
011100101000011100011 011100001010011100011
011100101000011100100 011100001010011100100
011100101000011100101 011100001010011100101
011100101000011100110 011100001010011100110
011100101000011100111 011100001010011100111
011100101000011101000 011100001010011101000
011100101000011101001 011100001010011101001
011100101000011101010 011100001010011101010
011100101000011101011 011100001010011101011
011100101000011101100 011100001010011101100
011100101000011101101 011100001010011101101
011100101000011101110 011100001010011101110
011100101000011101111 011100001010011101111
011100101000011110010 011100001010011110010
011100101000011110100 011100001010011110100
011100101000011110101 011100001010011110101
011100101000011111000 011100001010011111000
011100101000011111001 011100001010011111001
011100101000011111010 011100001010011111010
011100101000011111011 011100001010011111011
011100101000011111110 011100001010011111110
011100101010001001110 011100100010101001110
011100101100101010110 011100101010110010110
011100101100101011010 011100101010110011010
011100110010011100010 011100100111001100010
011100110010100001110 011100110000101001110
011100110101000111000 011100110001010111000
011100110101000111001 011100110001010111001
011100111010100011100 011100111000101011100
011101000101000001110 011101000001010001110
011101000110000011110 011101000001100011110
011101000111010100011 011101000101011100011
011101001001000010110 011101000010010010110
011101001001000011010 011101000010010011010
011101001001000011100 011101000010010011100
011101001001000011101 011101000010010011101
011101001010000101110 011101000010100101110
011101001010000111000 011101000010100111000
011101001010000111001 011101000010100111001
011101001010000111010 011101000010100111010
011101001010000111011 011101000010100111011
011101001010000111110 011101000010100111110
011101001100101010110 011101001010110010110
011101001100101011010 011101001010110011010
011101001101000101110 011101000101100101110
011101001101000110110 011101000101100110110
011101001101000111010 011101000101100111010
011101001101000111011 011101000101100111011
011101001101000111101 011101000101100111101
011101010010100001110 011101010000101001110
011101011010100011100 011101011000101011100
011101100100100001110 011101100001001001110
011101100101000011100 011101100001010011100
011101100101000011101 011101100001010011101
011101100110000111100 011101100001100111100
011101100110000111101 011101100001100111101
011101100110000111110 011101100001100111110
011101100110100011101 011101100010110011101
011101101010001011100 011101100010101011100
011101101010001011110 011101100010101011110
011101101010001101110 011101100010101101110
011101101010001110000 011101100010101110000
011101101010001110001 011101100010101110001
011101101010001110010 011101100010101110010
011101101010001110011 011101100010101110011
011101101010001110100 011101100010101110100
011101101010001110110 011101100010101110110
011101101010001111010 011101100010101111010
011101101010001111100 011101100010101111100
011101101010011001010 011101100110101001010
011101101010011001011 011101100110101001011
011101101010011010010 011101100110101010010
011101101010011010011 011101100110101010011
011101101010100011100 011101101000101011100
011101110010100001110 011101110000101001110
011101110011000011110 011101110000110011110
011101111010100011100 011101111000101011100
011110000110000001110 011110000001100001110
011110001100000101110 011110000011000101110
011110001100000110110 011110000011000110110
011110001100000111010 011110000011000111010
011110001100000111100 011110000011000111100
011110001100000111101 011110000011000111101
011110001100000111110 011110000011000111110
011110001110101000110 011110001010111000110
011110001110101000111 011110001010111000111
011110001111010110001 011110001101011110001
011110011000010111100 011110000110010111100
011110011000010111101 011110000110010111101
011110011000010111110 011110000110010111110
011110011000011011100 011110000110011011100
011110011000011011101 011110000110011011101
011110011000011011110 011110000110011011110
011110011000011101100 011110000110011101100
011110011000011101101 011110000110011101101
011110011000011101110 011110000110011101110
011110011000011110000 011110000110011110000
011110011000011110001 011110000110011110001
011110011000011110010 011110000110011110010
011110011000011110011 011110000110011110011
011110011000011110100 011110000110011110100
011110011000011110101 011110000110011110101
011110011000011110110 011110000110011110110
011110011000011110111 011110000110011110111
011110011000011111000 011110000110011111000
011110011000011111001 011110000110011111001
011110011000011111010 011110000110011111010
011110011000011111011 011110000110011111011
011110011000011111100 011110000110011111100
011110011000011111101 011110000110011111101
011110011000011111110 011110000110011111110
011110100100100001110 011110100001001001110
011110100101000011100 011110100001010011100
011110100101000011101 011110100001010011101
011110100110000111100 011110100001100111100
011110100110000111101 011110100001100111101
011110100110000111110 011110100001100111110
011110100110100011101 011110100010110011101
011110101010001011100 011110100010101011100
011110101010001011110 011110100010101011110
011110101010001101110 011110100010101101110
011110101010001110000 011110100010101110000
011110101010001110001 011110100010101110001
011110101010001110010 011110100010101110010
011110101010001110011 011110100010101110011
011110101010001110100 011110100010101110100
011110101010001110110 011110100010101110110
011110101010001111010 011110100010101111010
011110101010001111100 011110100010101111100
011110101010011001010 011110100110101001010
011110101010011001011 011110100110101001011
011110101010011010010 011110100110101010010
011110101010011010011 011110100110101010011
011110101010100011100 011110101000101011100
011110110011000011110 011110110000110011110
011110111010100011100 011110111000101011100
011111000101000001110 011111000001010001110
011111000110000011110 011111000001100011110
011111000111010100011 011111000101011100011
011111001001000010110 011111000010010010110
011111001001000011010 011111000010010011010
011111001001000011100 011111000010010011100
011111001001000011101 011111000010010011101
011111001010000101110 011111000010100101110
011111001010000111000 011111000010100111000
011111001010000111001 011111000010100111001
011111001010000111010 011111000010100111010
011111001010000111011 011111000010100111011
011111001010000111110 011111000010100111110
011111001100001011110 011111000011001011110
011111001100001101110 011111000011001101110
011111001100001110110 011111000011001110110
011111001100001111000 011111000011001111000
011111001100001111001 011111000011001111001
011111001100001111010 011111000011001111010
011111001100001111011 011111000011001111011
011111001100001111100 011111000011001111100
011111001100001111101 011111000011001111101
011111001100001111110 011111000011001111110
011111010010100001110 011111010000101001110
011111010011000011110 011111010000110011110
011111011010100011100 011111011000101011100
011111100110000111100 011111100001100111100
011111100110000111101 011111100001100111101
011111100110000111110 011111100001100111110
011111101010100011100 011111101000101011100
011111110010100001110 011111110000101001110
011111110011000011110 011111110000110011110
