011101001101000101110 011101000101100101110
001110101000110111110 001110001010110111110
001110101000101011100 001110001010101011100
011010111010100011100 011010111000101011100
001011101010001111010 001011100010101111010
011110011000011011110 011110000110011011110
011111110010100001110 011111110000101001110
011101101010001110100 011101100010101110100
011111001001000011010 011111000010010011010
010110110010100001110 010110110000101001110
001110101000101011110 001110001010101011110
001110101000101101110 001110001010101101110
001011101010100011100 001011101000101011100
010110001010000011010 010110000010100011010
010111101010001011100 010111100010101011100
011110000110000001110 011110000001100001110
011011010010100001110 011011010000101001110
001111111010100011100 001111111000101011100
010101001001000010110 010101000010010010110
001110101000111111010 001110001010111111010
011101001101000110110 011101000101100110110
001111101010001011110 001111100010101011110
011011111010100011100 011011111000101011100
010110001100101011010 010110001010110011010
011011100110000111110 011011100001100111110
010011001001000010110 010011000010010010110
011101101010100011100 011101101000101011100
001011101010001111100 001011100010101111100
010001111010100011100 010001111000101011100
001110101000111011110 001110001010111011110
011110101010001011100 011110100010101011100
011100101000011011010 011100001010011011010
011100011101001100010 011100011001011100010
011110101010001111100 011110100010101111100
001111101010001111100 001111100010101111100
010111101010001111100 010111100010101111100
011100101000011001110 011100001010011001110
010111101010001101110 010111100010101101110
001011101010001110100 001011100010101110100
001111101010001011100 001111100010101011100
001110101010001101110 001110100010101101110
010110010010000110010 010110000100100110010
011100100100001101110 011100001001001101110
011111001100001101110 011111000011001101110
010111101010001110100 010111100010101110100
010110010010000100110 010110000100100100110
011100101000011111110 011100001010011111110
011111001100001011110 011111000011001011110
010001110100110100001 010001100101110100001
011100101000011110010 011100001010011110010
011100100100100001110 011100100001001001110
010101001001000011010 010101000010010011010
001110101000111010110 001110001010111010110
001110101010001011110 001110100010101011110
010110010010000101010 010110000100100101010
010011011010100011100 010011011000101011100
010110010010000111110 010110000100100111110
011011101010100011100 011011101000101011100
011101101010001011100 011101100010101011100
010000011001001000010 010000010010011000010
001110101010100011100 001110101000101011100
011100110010011100010 011100100111001100010
011110101010001111010 011110100010101111010
011011101010001011100 011011100010101011100
011101001010000111110 011101000010100111110
011011101010001011110 011011100010101011110
011101111010100011100 011101111000101011100
011100101000011010110 011100001010011010110
011011000110000011110 011011000001100011110
011100001010000001110 011100000010100001110
011110101010001011110 011110100010101011110
011101100110100011101 011101100010110011101
011110101010001110110 011110100010101110110
001110101000101111110 001110001010101111110
001011101010001110110 001011100010101110110
010000110010010000010 010000100100110000010
011010010010000101010 011010000100100101010
011101100110000111110 011101100001100111110
010111000110000011110 010111000001100011110
010110110101001100101 010110110011010100101
001111101010001111010 001111100010101111010
010111101010001110110 010111100010101110110
011101000101000001110 011101000001010001110
011010101001100100101 011010011010100100101
011101110011000011110 011101110000110011110
001110101000110110010 001110001010110110010
011011101010001101110 011011100010101101110
011011101010001110110 011011100010101110110
011001001001000011010 011001000010010011010
011101010010100001110 011101010000101001110
011010010010000101110 011010000100100101110
011111110011000011110 011111110000110011110
011111010010100001110 011111010000101001110
010011001001000011010 010011000010010011010
001111101010100011100 001111101000101011100
011100010001000001010 011100000100010001010
011111000110000011110 011111000001100011110
010111101010001111010 010111100010101111010
011110110011000011110 011110110000110011110
011101101010001011110 011101100010101011110
011100100100001100010 011100001001001100010
011011101010001111010 011011100010101111010
011100101000010111110 011100001010010111110
011100010100000111110 011100000101000111110
001110101000101110110 001110001010101110110
001110101010001111100 001110100010101111100
001110101000101110100 001110001010101110100
001111101010001101110 001111100010101101110
010111100100100001110 010111100001001001110
010111111010100011100 010111111000101011100
011110100100100001110 011110100001001001110
010110001010000010110 010110000010100010110
001110101000111110100 001110001010111110100
011110111010100011100 011110111000101011100
001110011010010011100 001110010010110011100
011111011010100011100 011111011000101011100
001110101000111101110 001110001010111101110
001110101000101111100 001110001010101111100
010000111010011001001 010000110010111001001
011100100100001011110 011100001001001011110
011101101010001111010 011101100010101111010
010001110100110000010 010001100101110000010
011011101010001111100 011011100010101111100
001011101010001101110 001011100010101101110
011111001001000010110 011111000010010010110
010000111010011010001 010000110010111010001
011110011000010111110 011110000110010111110
001110101010100011100 001110001010101011100
010110010010000101110 010110000100100101110
001110111010100011100 001110111000101011100
011010010010000100110 011010000100100100110
011111010011000011110 011111010000110011110
011111001010000101110 011111000010100101110
001011111010100011100 001011111000101011100
011100010001000001110 011100000100010001110
011111001100001111110 011111000011001111110
011011001101000110110 011011000101100110110
010001100100100001110 010001100001001001110
011100110010100001110 011100110000101001110
011101101010001101110 011101100010101101110
010110010001000011010 010110000100010011010
011110011000011101110 011110000110011101110
011110011000011111110 011110000110011111110
011100101010001001110 011100100010101001110
011110001100000111010 011110000011000111010
011101001101000111101 011101000101100111101
011110001100000110110 011110000011000110110
011101101010001111100 011101100010101111100
011110100110100011101 011110100010110011101
001110101010001011100 001110100010101011100
011101011010100011100 011101011000101011100
011001001001000010110 011001000010010010110
001011101010001011100 001011100010101011100
011010001010000010110 011010000010100010110
011111001100001110110 011111000011001110110
011100001100000011110 011100000011000011110
011110001100000111110 011110000011000111110
010000011101001100010 010000011001011100010
011010001010000011010 011010000010100011010
001110101000111110110 001110001010111110110
011110101010100011100 011110101000101011100
011100101000010101110 011100001010010101110
011100100100001001110 011100001001001001110
011110100110000111110 011110100001100111110
010111101010001011110 010111100010101011110
011010010010000110010 011010000100100110010
010100010001000001110 010100000100010001110
001110101010001110110 001110100010101110110
010110110101001101001 010110110011010101001
011011101010001110100 011011100010101110100
011100100100001010110 011100001001001010110
011101101010001110110 011101100010101110110
011100100100001111010 011100001001001111010
001010111010100011100 001010111000101011100
011101001001000011010 011101000010010011010
001110101000111010100 001110001010111010100
011101001010000101110 011101000010100101110
011100010100000101110 011100000101000101110
011011001101000111101 011011000101100111101
001110101000111011100 001110001010111011100
011101100100100001110 011101100001001001110
001110101010001110100 001110100010101110100
011100010010000011010 011100000100100011010
011111001010000111110 011111000010100111110
011101001001000010110 011101000010010010110
011100010010000010110 011100000100100010110
011110101010001110100 011110100010101110100
011010110010100001110 011010110000101001110
011010010010000111110 011010000100100111110
011100101000010110110 011100001010010110110
011101000110000011110 011101000001100011110
001110101000111100010 001110001010111100010
010110001100101010110 010110001010110010110
001111101010001110100 001111100010101110100
010100010001000001010 010100000100010001010
001111101010001110110 001111100010101110110
010000111010011000010 010000110010111000010
011110001100000101110 011110000011000101110
001110101000110101110 001110001010110101110
011111000101000001110 011111000001010001110
010110101001100100101 010110011010100100101
011010101001100011010 011010011010100011010
010001110100110001110 010001100101110001110
001110101010001111010 001110100010101111010
010110101001100011010 010110011010100011010
001110101000111111100 001110001010111111100
011011001101000101110 011011000101100101110
010001110010011001110 010001100111001001110
001011101010001011110 001011100010101011110
010011110010100001110 010011110000101001110
011110101010001101110 011110100010101101110
011010001001000001110 011010000010010001110
011111100110000111110 011111100001100111110
011111101010100011100 011111101000101011100
011010100100100001110 011010100001001001110
010001110100110010001 010001100101110010001
010110001001000001110 010110000010010001110
