00111010100011010111110 00111000101011010111110
01111101111010100011100 01111101111000101011100
00111010101010001101110 00111000101010101101110
00111010101010001110100 00111000101010101110100
01110010010000110110010 01110000100100110110010
00111011101010001110110 00111011100010101110110
01111110001100000111010 01111110000011000111010
01001101101010001111100 01001101100010101111100
01000001110010011001110 01000001100111001001110
01011011010100110100001 01011011001101010100001
01111100110011000011110 01111100110000110011110
01011001001000011001110 01011000010010011001110
01110000100100000010110 01110000001001000010110
00111011111010100011100 00111011111000101011100
00111010100011101010100 00111000101011101010100
01111100110000110110110 01111100001100110110110
01011110001100101010110 01011110001010110010110
01001111010100011011010 01001111000101011011010
01100101000101000001110 01100101000001010001110
00111110101010001110100 00111110100010101110100
01000110001100101011010 01000110001010110011010
01101110101000111110100 01101110001010111110100
01000110101001100100101 01000110011010100100101
01110000110010000001110 01110000001001100001110
01111101101010001111100 01111101100010101111100
01111111001100001011110 01111111000011001011110
01110001100101011011010 01110001010110011011010
01110110010100001010110 01110110000101001010110
01011011110101001101001 01011011110011010101001
01111010101000101110110 01111010001010101110110
01101110101001001110110 01101110010010101110110
01110101101010001110110 01110101100010101110110
01011111101010001011110 01011111100010101011110
01101010100110000011010 01101001101010000011010
01001100100100001111010 01001100001001001111010
01101011010100011001110 01101011000101011001110
01101001001000010011110 01101000010010010011110
01101110001100000101110 01101110000011000101110
01110010010010000001110 01110010000001001001110
01101110101001001011100 01101110010010101011100
01000111010011000011010 01000110010111000011010
01110001001000001010110 01110000010010001010110
01110010100001010011110 01110000101001010011110
01111101011010100011100 01111101011000101011100
01101110111010100011100 01101110111000101011100
01011110010010000100110 01011110000100100100110
01111010101000110111110 01111010001010110111110
01111010001100000111010 01111010000011000111010
01110010010000110000010 01110000100100110000010
01101100011000001111110 01101100000110001111110
01111100001100000011110 01111100000011000011110
00101111101010001101110 00101111100010101101110
01110010010000111111010 01110000100100111111010
01000110110101001100101 01000110110011010100101
01111100100100001010110 01111100001001001010110
01111111001100001101110 01111111000011001101110
01010100100100001011110 01010100001001001011110
01101000101000001101110 01101000001010001101110
00111010100011001011110 00111000101011001011110
01101011001101000101110 01101011000101100101110
00111010100010111110110 00111000101010111110110
01111001100001100111110 01111000011001100111110
01110110101000111110110 01110110001010111110110
01011001001000010100110 01011000010010010100110
01101011101010001111010 01101011100010101111010
00111110101000110101110 00111110001010110101110
01011000101000001101110 01011000001010001101110
00111010101000101110110 00111010001010101110110
01110010100001101011110 01110000101001101011110
01110100100100001100010 01110100001001001100010
00111010100011001110100 00111000110010101110100
01110110101010001101110 01110110100010101101110
01110100100100001111010 01110100001001001111010
01111101110011000011110 01111101110000110011110
01111110000110000001110 01111110000001100001110
01101001001000011110010 01101000010010011110010
01000001110100110100001 01000001100101110100001
01011000110010101011110 01011000101011001011110
01011011110010100001110 01011011110000101001110
01111000110000011101110 01111000001100011101110
01110011001001110010001 01110010011100110010001
01011110101000111100010 01011110001010111100010
01110010100001010101110 01110000101001010101110
01110000101000000101110 01110000001010000101110
00111010100011111111010 00111000101011111111010
00111110101000101011100 00111110001010101011100
01011110101000101101110 01011110001010101101110
01101011111010100011100 01101011111000101011100
01100100010001000001110 01100100000100010001110
01111011001101000111101 01111011000101100111101
00111110101000111101110 00111110001010111101110
01010100100100001100010 01010100001001001100010
01111010010100001010110 01111010000101001010110
01101100001100000011110 01101100000011000011110
00111010101000101110100 00111010001010101110100
01110010010000101000110 01110000100100101000110
01101110001100000110110 01101110000011000110110
01110010100001100111110 01110000101001100111110
01011001001000011110010 01011000010010011110010
01110001010000011111110 01110000010100011111110
01010001000100000111110 01010000010001000111110
01110110010100001101010 01110110000101001101010
01110000011000000011110 01110000000110000011110
01111100101000011010110 01111100001010011010110
01110110011010001101110 01110110001011001101110
00101110101001001011100 00101110010010101011100
01111101101010100011100 01111101101000101011100
01111011101010001011110 01111011100010101011110
01001101101010001101110 01001101100010101101110
01110001000100000110010 01110000010001000110010
01110000011001001000010 01110000010010011000010
01110000110000001011010 01110000001100001011010
01000011001001000011010 01000011000010010011010
01100100010010000011010 01100100000100100011010
01101010100101100011100 01101001011010100011100
01011110010100001111010 01011110000101001111010
01110110110010100001110 01110110110000101001110
01111001100001110111110 01111000011001110111110
00101110101000110111110 00101110001010110111110
01111111110011000011110 01111111110000110011110
01110001001000001001110 01110000010010001001110
01101010100110010011101 01101001101010010011101
00101110101010001111010 00101110100010101111010
00111010100110100011101 00111000101010110011101
01111010101000111101110 01111010001010111101110
01110001110100110100001 01110001100101110100001
01001101101010001110110 01001101100010101110110
00101111101010001111100 00101111100010101111100
01101110101001100011100 01101110011000101011100
00111010101010001111010 00111010100010101111010
01010100100100001001110 01010100001001001001110
00111010101000111011100 00111010001010111011100
01111010101000101111100 01111010001010101111100
01111111001010000111110 01111111000010100111110
01110100001100000011110 01110100000011000011110
01000110011101001100010 01000110011001011100010
01101100110100011100101 01101100010110011100101
01111010010100001011110 01111010000101001011110
00111111101010001101110 00111111100010101101110
01110000111010011000010 01110000110010111000010
01111010110010100001110 01111010110000101001110
01111101101010001011100 01111101100010101011100
00111010100110100011100 00111000101100101011100
01110110101000101111100 01110110001010101111100
01101110011000011111110 01101110000110011111110
01110010100001111110010 01110000101001111110010
01111110011100100111110 01111110010011100111110
01110001010000010011010 01110000010100010011010
01111011101010001101110 01111011100010101101110
00111110101000111010110 00111110001010111010110
00111010101010001101110 00111010100010101101110
01011000010100000011010 01011000000101000011010
01011001001000010010110 01011000010010010010110
00111010100010101101110 00111000101010101101110
00111110101000101111100 00111110001010101111100
01000111010011001010001 01000110010111001010001
00111010100010111010100 00111000101010111010100
01101101001101000101110 01101101000101100101110
01110110101000111010100 01110110001010111010100
01011110100100011110010 01011110001001011110010
01110010100100100001110 01110010100001001001110
01110100010010000010110 01110100000100100010110
01011110001001000001110 01011110000010010001110
01000011110010100001110 01000011110000101001110
01011001000100001111010 01011000010001001111010
01101011001101000111101 01101011000101100111101
00111110101010001111010 00111110100010101111010
01011110101000101110100 01011110001010101110100
01110000010100000001110 01110000000101000001110
01101000100010000011010 01101000001000100011010
01111100100100001111010 01111100001001001111010
01101110101000101111100 01101110001010101111100
01011001001000010011110 01011000010010010011110
01111100010001000001010 01111100000100010001010
01110100101000010110110 01110100001010010110110
00111010100011111111100 00111000101011111111100
01001111000101000001110 01001111000001010001110
01111010101000111011110 01111010001010111011110
01110000110000001001110 01110000001100001001110
00111010101000101011100 00111010001010101011100
00111110101000110110010 00111110001010110110010
01110110011000011101110 01110110000110011101110
01110001000100000101110 01110000010001000101110
01011000100100000101010 01011000001001000101010
00111110101010001111100 00111110100010101111100
01110001110100110010001 01110001100101110010001
01010100010010000011010 01010100000100100011010
01111110001100000111110 01111110000011000111110
01101101010100010110110 01101101000101010110110
01100100100100001100010 01100100001001001100010
01111100110000111001110 01111100001100111001110
01111100101000000111110 01111100000010100111110
01110010010000110111110 01110000100100110111110
00111111101010100011100 00111111101000101011100
01110111010011000011110 01110111010000110011110
01111000011000000111110 01111000000110000111110
01001111010010001111010 01001111000100101111010
01110000011101001100010 01110000011001011100010
01011111101010001011100 01011111100010101011100
01110110010100001111010 01110110000101001111010
01110110011010100011100 01110110011000101011100
00111110101000101111110 00111110001010101111110
01110001101101010001001 01110001010110110001001
01111010101010001110110 01111010100010101110110
01000001110100110000010 01000001100101110000010
01111101101010001111010 01111101100010101111010
01111111110010100001110 01111111110000101001110
01110110101010001011110 01110110100010101011110
01101010010010000101010 01101010000100100101010
00101011101010001011100 00101011100010101011100
00111010100011100100101 00111000111010100100101
01110001110100110001110 01110001100101110001110
01110111101010001011110 01110111100010101011110
01110110101001100011100 01110110011000101011100
01110111001100001110110 01110111000011001110110
01110100001010000001110 01110100000010100001110
01110100101000011001110 01110100001010011001110
01011010100110001101110 01011001101010001101110
01110111101010001101110 01110111100010101101110
01110101101010001011110 01110101100010101011110
01110100011000001101110 01110100000110001101110
01110100110100011011110 01110100010110011011110
01110001010000011001110 01110000010100011001110
01101010010100001101010 01101010000101001101010
01111001100001011111110 01111000011001011111110
01111010010010000111110 01111010000100100111110
01110010101000100110110 01110010001010100110110
01011110010010000101110 01011110000100100101110
01010110000110000001110 01010110000001100001110
01011011001001000010110 01011011000010010010110
01111010101000111010110 01111010001010111010110
01011000001100101010110 01011000001010110010110
01111100110000101101110 01111100001100101101110
00111010100011001101110 00111000110010101101110
01011010000110000001110 01011010000001100001110
01011000011001001000010 01011000010010011000010
01000011101001101000001 01000011001011101000001
00111010100011001011110 00111000110010101011110
01110110110101001101001 01110110110011010101001
01011000111010011010001 01011000110010111010001
00101110101000111011110 00101110001010111011110
01110110101010001110110 01110110100010101110110
01110011011010100011100 01110011011000101011100
01110010110100101001110 01110010100101101001110
01010100100100001010110 01010100001001001010110
01000110010010000100110 01000110000100100100110
01111101001100001101110 01111101000011001101110
01110010010000100100110 01110000100100100100110
00111010101001001011110 00111010010010101011110
01110011001010000111110 01110011000010100111110
01011011010100010110110 01011011000101010110110
01011110101000110110010 01011110001010110110010
00111110101000111010100 00111110001010111010100
01111010011000010111110 01111010000110010111110
01111111000101000001110 01111111000001010001110
01110110011000010111110 01110110000110010111110
00101110101010100011100 00101110001010101011100
01010110010100001011010 01010110000101001011010
00101111101010001011100 00101111100010101011100
01011000100100000101110 01011000001001000101110
00111010101000111100010 00111010001010111100010
01111010011010001111101 01111010001011001111101
01000001110100110010001 01000001100101110010001
01110010010000111100010 01110000100100111100010
01110110101000101110110 01110110001010101110110
01000011101001100000010 01000011001011100000010
01111010001100000110110 01111010000011000110110
01011000010010000001110 01011000000100100001110
01111010011010001101110 01111010001011001101110
01111011001100001011110 01111011000011001011110
01110110101010100011100 01110110001010101011100
01110110101010001111010 01110110100010101111010
01111001010100010011110 01111001000101010011110
01110000110000001101110 01110000001100001101110
01110000111010011001001 01110000110010111001001
01011011001010000111110 01011011000010100111110
01110010010010000111110 01110010000100100111110
01011110010100001011010 01011110000101001011010
01110001111010100011100 01110001111000101011100
01011110101000111111100 01011110001010111111100
01101110101010001110100 01101110100010101110100
00101110101000111111100 00101110001010111111100
01111100011101001100010 01111100011001011100010
01011010010100001010110 01011010000101001010110
00111110101000111011100 00111110001010111011100
01111010011010001110001 01111010001011001110001
01111000110000011100110 01111000001100011100110
01110101100110100011101 01110101100010110011101
01111100110000111111110 01111100001100111111110
01110100101000010101110 01110100001010010101110
01011001001000010101110 01011000010010010101110
01111100110000110101110 01111100001100110101110
01111000110000011001110 01111000001100011001110
01110100100100001101110 01110100001001001101110
01011010010010000001110 01011010000001001001110
01110001010000010011110 01110000010100010011110
00111010101000101011110 00111010001010101011110
01111101001010000101110 01111101000010100101110
01101001001001000010110 01101001000010010010110
00111110101000111011110 00111110001010111011110
01001100110010100001110 01001100110000101001110
01110100110001011100010 01110100010111001100010
01111001100001011101110 01111000011001011101110
01110001001000001101110 01110000010010001101110
00101110101001001011110 00101110010010101011110
01101011010100011011010 01101011000101011011010
01101011001010000101110 01101011000010100101110
01101100110100010111110 01101100010110010111110
00101110101000111011100 00101110001010111011100
01011110011010100011100 01011110011000101011100
01011110001100101011010 01011110001010110011010
01101000101000001011110 01101000001010001011110
01101010111010100011100 01101010111000101011100
01110110101000111111010 01110110001010111111010
00111010100010110101110 00111000101010110101110
01001100010001000001010 01001100000100010001010
01011110101000111111010 01011110001010111111010
01011110101000111010100 01011110001010111010100
01010110010100001111010 01010110000101001111010
01011110010100001011110 01011110000101001011110
01101110101001001011110 01101110010010101011110
01111010101001001011110 01111010010010101011110
01110100101000011110010 01110100001010011110010
01111101100100100001110 01111101100001001001110
01011011000101000001110 01011011000001010001110
00111000110100100011100 00111000100101100011100
00111010100011001011100 00111000110010101011100
01110110010010000100110 01110110000100100100110
01111011001100001110110 01111011000011001110110
00111010101010001111100 00111010100010101111100
01111101101010001110110 01111101100010101110110
01111011001100001101110 01111011000011001101110
01110010100001100101110 01110000101001100101110
00101110101000110101110 00101110001010110101110
00101111101010001110100 00101111100010101110100
01011000110010101110110 01011000101011001110110
01111010010100001011010 01111010000101001011010
00111011101010001111010 00111011100010101111010
01011011010100011001110 01011011000101011001110
01110011001001000011010 01110011000010010011010
01111010101001001110001 01111010010010101110001
00111110101010001110110 00111110100010101110110
01110011010100010110110 01110011000101010110110
01000111001001100111110 01000110011100100111110
01101000100100000100110 01101000001001000100110
01111000110000010101110 01111000001100010101110
01011000100100000111110 01011000001001000111110
01101011101010001110110 01101011100010101110110
01011010010100001101110 01011010000101001101110
01110110110011000011110 01110110110000110011110
01000111101010001111100 01000111100010101111100
01110110110101001100101 01110110110011010100101
01111010101000101110100 01111010001010101110100
01100101001001000011010 01100101000010010011010
01111100101000010111110 01111100001010010111110
00111010101000110101110 00111010001010110101110
01100100010001000001010 01100100000100010001010
01110001010000011001010 01110000010100011001010
00101011101010001111010 00101011100010101111010
01111010101000111011100 01111010001010111011100
01000000011101001100010 01000000011001011100010
00101011101010001110110 00101011100010101110110
01110010100001100110010 01110000101001100110010
00111010101000111101110 00111010001010111101110
01101100110100011110001 01101100010110011110001
01110100011000001110110 01110100000110001110110
01111010101000101011100 01111010001010101011100
01011001100100100001110 01011001100001001001110
01110110011010001111101 01110110001011001111101
00111111101010001011110 00111111100010101011110
01001111010100011010110 01001111000101011010110
00111010101010001011110 00111010100010101011110
01110110101010001110100 01110110100010101110100
01101110101010001011100 01101110100010101011100
01000111101010001011100 01000111100010101011100
01101110011000011011110 01101110000110011011110
01011010100110000011010 01011001101010000011010
01110101101010001011100 01110101100010101011100
01101101010100011100011 01101101000111010100011
00111010100011101111100 00111000101011101111100
01000011100100110000010 01000011001001110000010
01000001100100100010001 01000001001001100010001
01001111001010000101110 01001111000010100101110
01110100010010000011010 01110100000100100011010
01101010100101100010110 01101001011010100010110
01110010100001101001110 01110000101001101001110
01111001100001011011110 01111000011001011011110
01111111010011000011110 01111111010000110011110
01111101001101000110110 01111101000101100110110
01100100100100001101110 01100100001001001101110
01110011000101000001110 01110011000001010001110
01111010101010001111010 01111010100010101111010
01111010001010000011010 01111010000010100011010
01110010010000001010110 01110000001001001010110
01010110010100001011110 01010110000101001011110
01011001000100001101110 01011000010001001101110
01010011000101000001110 01010011000001010001110
01110110001100000110110 01110110000011000110110
01101010010100001111010 01101010000101001111010
00111010100011001111010 00111000101011001111010
00111010100011101110100 00111000101011101110100
01111101101010001011110 01111101100010101011110
01111001100001010111110 01111000011001010111110
00111010101001100011100 00111010011000101011100
01111010101001100100101 01111010011010100100101
01000111010011010100011 01000110010101011100011
00111010101010001110100 00111010100010101110100
01111011011011001111101 01111011001101101111101
01101010100110011011010 01101001101010011011010
01110001010000011011010 01110000010100011011010
01011000110010101100010 01011000101011001100010
01101111101010001011110 01101111100010101011110
00101110101000101110100 00101110001010101110100
01001101101010001111010 01001101100010101111010
01110000110000001100110 01110000001100001100110
01110101001010000111110 01110101000010100111110
00111010101000110111110 00111010001010110111110
01110010010010000110010 01110010000100100110010
01011000100100000100110 01011000001001000100110
01100100100100001010110 01100100001001001010110
01101010100110001100010 01101001101010001100010
00111010101010001011100 00111010100010101011100
01110110101000110101110 01110110001010110101110
01111001101010100011100 01111001101000101011100
01111010011000011111110 01111010000110011111110
00101110011010010011100 00101110010010110011100
01111111001010000101110 01111111000010100101110
01000111110100111100010 01000111100101111100010
01101100110100011010110 01101100010110011010110
01110110101000110111110 01110110001010110111110
01011110101000101111100 01011110001010101111100
01000001100001001001110 01000001001001100001110
01110011010010100001110 01110011010000101001110
01111100110000101111110 01111100001100101111110
01110101101010001110100 01110101100010101110100
01101100011010000110110 01101100001011000110110
01011001000101000001110 01011001000001010001110
01111000110000010111110 01111000001100010111110
01110100110100011100101 01110100010110011100101
01111010001100000111110 01111010000011000111110
01101010010100001011010 01101010000101001011010
01101000010100000010110 01101000000101000010110
01111000111001000111110 01111000100111000111110
01110010010000100101110 01110000100100100101110
01011011010100011011010 01011011000101011011010
01101011101010001101110 01101011100010101101110
01101010010100001101110 01101010000101001101110
01110100010001000001110 01110100000100010001110
01110010010010000100110 01110010000100100100110
01111010111010100011100 01111010111000101011100
01101010100110010010001 01101001101010010010001
01110110101000101011100 01110110001010101011100
01111011101010001110110 01111011100010101110110
01101101010100011110010 01101101000101011110010
01001111010100010110110 01001111000101010110110
00111010100011110001110 00111000101011110001110
00111111011000111111010 00111111000110111111010
01110011001001000010110 01110011000010010010110
01110001010000010111110 01110000010100010111110
00111010011010010011100 00111010010010110011100
00111111101010001111100 00111111100010101111100
00111010101001001110001 00111010010010101110001
01110010100001101101110 01110000101001101101110
00101110101000111110100 00101110001010111110100
01101011000110000011110 01101011000001100011110
01000111111010100011100 01000111111000101011100
01110100101000011010110 01110100001010011010110
01110010010010000101010 01110010000100100101010
01101000101001000010110 01101000010010100010110
00111010101001001110110 00111010010010101110110
00101011101010100011100 00101011101000101011100
01110000100010000001110 01110000001000100001110
01111010001001000001110 01111010000010010001110
01101011010010110010110 01101011001011010010110
01110010100001011111110 01110000101001011111110
01110110001010000011010 01110110000010100011010
01101001000101000001110 01101001000001010001110
00111010101000101111100 00111010001010101111100
01101111101010001101110 01101111100010101101110
01011110101000110101110 01011110001010110101110
01011110010010000001110 01011110000001001001110
00111010101010001110110 00111010100010101110110
01110010100001111001110 01110000101001111001110
01101110101010001111010 01101110100010101111010
01011110110010100001110 01011110110000101001110
01011011001100101010110 01011011001010110010110
01110111100100100001110 01110111100001001001110
01110011001001110000010 01110010011100110000010
01011111101100011111100 01011111100011011111100
01010001000100000100110 01010000010001000100110
00111010100011001101110 00111000101011001101110
01111010011010010011100 01111010010010110011100
00111010100011010011110 00111000101011010011110
01110010100001101111010 01110000101001101111010
01111010100110000111110 01111010100001100111110
00101110101000111101110 00101110001010111101110
00111110101000111111100 00111110001010111111100
00111110101000111110110 00111110001010111110110
01011110010010000111110 01011110000100100111110
00111110101000111100010 00111110001010111100010
01000110110101001101001 01000110110011010101001
01110010100001111111110 01110000101001111111110
01101111101010001110110 01101111100010101110110
01100111000110000011110 01100111000001100011110
00101110101010001111100 00101110100010101111100
01110010100001011011110 01110000101001011011110
01111001110011000011110 01111001110000110011110
00111010101010001011100 00111000101010101011100
01011010100110011011010 01011001101010011011010
01110011010100011001110 01110011000101011001110
01011111111010100011100 01011111111000101011100
01110001000100000001110 01110000000100010001110
01011011010100110101001 01011011001101010101001
01000011001001000010110 01000011000010010010110
00111001101001001110110 00111001001011001110110
01001101101010001110100 01001101100010101110100
00101110101001001110100 00101110010010101110100
01111110101010001111100 01111110100010101111100
01110101100110000111110 01110101100001100111110
01111101000101000001110 01111101000001010001110
01111100110011000011110 01111100001100110011110
01110100010100000101110 01110100000101000101110
01000001111010100011100 01000001111000101011100
01110010100001111000010 01110000101001111000010
01011100011000001110110 01011100000110001110110
01000011001001001000001 01000010010011001000001
01110100110100011111101 01110100010110011111101
01111000011000000101110 01111000000110000101110
01101111101010001011100 01101111100010101011100
00111010100010101111110 00111000101010101111110
01000011001001000011010 01000010010011000011010
01110110010100001011110 01110110000101001011110
00111010100011110011010 00111000101011110011010
01000011101001100011010 01000011001011100011010
01111101001101000101110 01111101000101100101110
01101101001010000101110 01101101000010100101110
01111010001010000010110 01111010000010100010110
00111011101010001111100 00111011100010101111100
01000110010010000101110 01000110000100100101110
00111010100011111101110 00111000101011111101110
01110100110100010101110 01110100010110010101110
01110010010000111101110 01110000100100111101110
01110111000110000011110 01110111000001100011110
01110110011010001110001 01110110001011001110001
01110110011000110110001 01110110001101100110001
01000001100100100000010 01000001001001100000010
01110000110000001011110 01110000001100001011110
01011110110101001100101 01011110110011010100101
01011100011000001011110 01011100000110001011110
01011000101000001111010 01011000001010001111010
00111010100010101110100 00111000101010101110100
01111010100100100001110 01111010100001001001110
01001111001001000010110 01001111000010010010110
00111010100010101110110 00111000101010101110110
00101110101000111111010 00101110001010111111010
01101010010010000001110 01101010000001001001110
01111010011010001011110 01111010001011001011110
01110001101101010100001 01110001010110110100001
01111100010001000001110 01111100000100010001110
00111110101000111110100 00111110001010111110100
01111110101010001011100 01111110100010101011100
01110010100001011001110 01110000101001011001110
01101011010100010110110 01101011000101010110110
01011000101000001001110 01011000001010001001110
01101110101000111011110 01101110001010111011110
01111100101000011111110 01111100001010011111110
01000011101001101010001 01000011001011101010001
00111001101001001011100 00111001001011001011100
01111100110000101011110 01111100001100101011110
01101001001001000011010 01101001000010010011010
01111010101000111111100 01111010001010111111100
01101001001000011001110 01101000010010011001110
01110001010000010010110 01110000010100010010110
01011010010100001101010 01011010000101001101010
00111010100010111010110 00111000101010111010110
01110001101101010001110 01110001010110110001110
01100101001001000010110 01100101000010010010110
01111010000110000001110 01111010000001100001110
01111100001010000001110 01111100000010100001110
00111010101010001011110 00111000101010101011110
01011001100101011100101 01011001010110011100101
01110111101010001110110 01110111100010101110110
01110010010000001101010 01110000001001001101010
01101010100110000100101 01101001101010000100101
01011000101000001010110 01011000001010001010110
00100011110100111000100 00100011100101111000100
01011110010100001101110 01011110000101001101110
00111010100011110000010 00111000101011110000010
01011011001010000101110 01011011000010100101110
01110101000110000011110 01110101000001100011110
00111010100011001111010 00111000110010101111010
01011110010010000101010 01011110000100100101010
01000011001001000100001 01000010010011000100001
01101101001010000111110 01101101000010100111110
01010100010010000010110 01010100000100100010110
01110010010000110000010 01110000110010010000010
01011011010100110001011 01011011001101010001011
01011100011000001111110 01011100000110001111110
01101000010100000011010 01101000000101000011010
01101111101010001111010 01101111100010101111010
01111100011100100011110 01111100010011100011110
01011000110010101111010 01011000101011001111010
00111010100011111010110 00111000101011111010110
00101011101010001101110 00101011100010101101110
01101100110100011011110 01101100010110011011110
01111011101101100111101 01111011100110110111101
01001111010100011100011 01001111000111010100011
01110001000100000100110 01110000010001000100110
01101011101010001011110 01101011100010101011110
01011011110101001100101 01011011110011010100101
01000110010010000101010 01000110000100100101010
01011011010100011100011 01011011000111010100011
01010110010100001010110 01010110000101001010110
01110110101010100011100 01110110101000101011100
01111010101010001011110 01111010100010101011110
01110110100110000111110 01110110100001100111110
01101110101010001011110 01101110100010101011110
01110110010100001101110 01110110000101001101110
00111110101010100011100 00111110001010101011100
00111010101000101101110 00111010001010101101110
01011011010100011110010 01011011000101011110010
01110111101010001011100 01110111100010101011100
01101110101010100011100 01101110101000101011100
01011110110101001101001 01011110110011010101001
01011110101000101011100 01011110001010101011100
01010001000100000110010 01010000010001000110010
00111010100011111011100 00111000101011111011100
01110010010000101111110 01110000100100101111110
00111110101010100011100 00111110101000101011100
01011011010100110001110 01011011001101010001110
01011001111010100011100 01011001111000101011100
01101010001001000001110 01101010000010010001110
01101110101000101011110 01101110001010101011110
01110010001010000010110 01110010000010100010110
01000000110010010000010 01000000100100110000010
01111100110000101110110 01111100001100101110110
01101111101010001111100 01101111100010101111100
01101010010010000111110 01101010000100100111110
01011110101000111011110 01011110001010111011110
01011111101010001111010 01011111100010101111010
01101110101000111010100 01101110001010111010100
01111101000110000011110 01111101000001100011110
00111110101010001101110 00111110100010101101110
01111101010010100001110 01111101010000101001110
01110001100101011100101 01110001010110011100101
00111011101010001101110 00111011100010101101110
01111100111001001111110 01111100100111001111110
01011110101000111110110 01011110001010111110110
01110010010000001111010 01110000001001001111010
01111100101010001001110 01111100100010101001110
01101011100110000111110 01101011100001100111110
01111001100110000111110 01111001100001100111110
01000011001001000001110 01000010010011000001110
01101111101010001110100 01101111100010101110100
01110100110100010111110 01110100010110010111110
01110110001010000010110 01110110000010100010110
01111001100001101101110 01111000011001101101110
01000111101010001111010 01000111100010101111010
00101110101000111110110 00101110001010111110110
01011010100110000100101 01011001101010000100101
00111010100011111110100 00111000101011111110100
01101000100100000101010 01101000001001000101010
00111010100011100001101 00111000111010100001101
01110101001101000101110 01110101000101100101110
00111010100011101110110 00111000101011101110110
01110001001000001011110 01110000010010001011110
01010110010100001101110 01010110000101001101110
01000011000010010011010 01000010010011000011010
01110111001100001111110 01110111000011001111110
01000111100100100001110 01000111100001001001110
00101111101010001011110 00101111100010101011110
01110100110010100001110 01110100110000101001110
00111010101010100011100 00111010001010101011100
01101101001101000111101 01101101000101100111101
01110100100100001001110 01110100001001001001110
01011000110010101101110 01011000101011001101110
01111001001001000010110 01111001000010010010110
01011111101010001110110 01011111100010101110110
01111000110010000011110 01111000001001100011110
01011011010100110011010 01011011001101010011010
01011011010100110010001 01011011001101010010001
01101110101000111110110 01101110001010111110110
01101110101000101011100 01101110001010101011100
01000000111010011001001 01000000110010111001001
01111010101001001011100 01111010010010101011100
01000011101001100001110 01000011001011100001110
01000011010100011000010 01000011000101011000010
01011000111010011001001 01011000110010111001001
01110110010010000110010 01110110000100100110010
01110110101000110110010 01110110001010110110010
01101001001000011111110 01101000010010011111110
00101110101000101111100 00101110001010101111100
01110110011000011011110 01110110000110011011110
01101100011000001101110 01101100000110001101110
00101110101000101101110 00101110001010101101110
01111010101000101011110 01111010001010101011110
01101110101000110111110 01101110001010110111110
01111011111010100011100 01111011111000101011100
01011001001000010111110 01011000010010010111110
01101101001101000110110 01101101000101100110110
01110001100111010100011 01110001010110011100011
00101110101001100011010 00101110011010100011010
01011000110010101110001 01011000101011001110001
00111110011010010011100 00111110010010110011100
00111010101001100100101 00111010011010100100101
00101011101010001110100 00101011100010101110100
00111010100011101010110 00111000101011101010110
01110100110100011110001 01110100010110011110001
01110110101000101011110 01110110001010101011110
01011011010100110011101 01011011001101010011101
01110000100010000001010 01110000001000100001010
01011010100110001100010 01011001101010001100010
01111100011000001111110 01111100000110001111110
01001111110010100001110 01001111110000101001110
01001100010001000001110 01001100000100010001110
00111110101000101110110 00111110001010101110110
01110001100100100001110 01110001100001001001110
01011110101000111110100 01011110001010111110100
01011110101000111010110 01011110001010111010110
01000111010011010000001 01000110010111010000001
00101110111010100011100 00101110111000101011100
01111010011000011011110 01111010000110011011110
01101110101000101111110 01101110001010101111110
01101101010100011010110 01101101000101011010110
01110110101000111011100 01110110001010111011100
01110100100100001010110 01110100001001001010110
00111010100011011111110 00111000101011011111110
01011000010100000010110 01011000000101000010110
00111010100010110111110 00111000101010110111110
01110000110000001101010 01110000001100001101010
01111111011010100011100 01111111011000101011100
01111110101010001111010 01111110100010101111010
01110100100100100001110 01110100100001001001110
01011010010100001011110 01011010000101001011110
01110000111010011010001 01110000110010111010001
01011111101010001110100 01011111100010101110100
01011000100100000110010 01011000001001000110010
01010101000101000001110 01010101000001010001110
01111100101000010101110 01111100001010010101110
01110001010000010100110 01110000010100010100110
01111010101001100011100 01111010011000101011100
01110100011000001011110 01110100000110001011110
00111110101000101011110 00111110001010101011110
01000001100100100001110 01000001001001100001110
01101000100100000110010 01101000001001000110010
01110110001100000111110 01110110000011000111110
01111111000110000011110 01111111000001100011110
00101110101000111010110 00101110001010111010110
01111010010100001101010 01111010000101001101010
01110000110000001010110 01110000001100001010110
01000111010001100101110 01000110011101000101110
00101011101010001111100 00101011100010101111100
01110110001100000111010 01110110000011000111010
01101011001010000111110 01101011000010100111110
01111001100001101111110 01111000011001101111110
01011011011010100011100 01011011011000101011100
01111110101010001101110 01111110100010101101110
01110010001010000011010 01110010000010100011010
00101110101001001110001 00101110010010101110001
01110010010000001011110 01110000001001001011110
01110110101010001011100 01110110100010101011100
01101110101000110101110 01101110001010110101110
01110110101000101101110 01110110001010101101110
01011110010100001010110 01011110000101001010110
01110110010100001011010 01110110000101001011010
01001100010010000010110 01001100000100100010110
01101000100100000111110 01101000001001000111110
01111100110010011100010 01111100100111001100010
01010010100100100001110 01010010100001001001110
00111010100011111110110 00111000101011111110110
01111010110011000011110 01111010110000110011110
01101011010100011110010 01101011000101011110010
01111011101010001011100 01111011100010101011100
01101110101001100011010 01101110011010100011010
01001100011101001100010 01001100011001011100010
00101111101010100011100 00101111101000101011100
01111011010011000011110 01111011010000110011110
00111010100011011001110 00111000101011011001110
01101111111010100011100 01101111111000101011100
01011000110010101100101 01011000101011001100101
01000111010011000110010 01000110010111000110010
01101001001000011011010 01101000010010011011010
01111111010010100001110 01111111010000101001110
01011001001000011111110 01011000010010011111110
01101010100110001101110 01101001101010001101110
01101110011000011101110 01101110000110011101110
01000110001100101010110 01000110001010110010110
01111010010010000101110 01111010000100100101110
01111110101010001011110 01111110100010101011110
01011110010010000110010 01011110000100100110010
01110110100110100011101 01110110100010110011101
01110001001000001100010 01110000010010001100010
00111111011000111111100 00111111000110111111100
01110010100001101100010 01110000101001101100010
01101110100110000111110 01101110100001100111110
01111010101001001110100 01111010010010101110100
01110001010000010101010 01110000010100010101010
01111010101010001110100 01111010100010101110100
00111010100011001110110 00111000110010101110110
01101110101001001110100 01101110010010101110100
01110110010010000101010 01110110000100100101010
01011000100010000011010 01011000001000100011010
01110101010010100001110 01110101010000101001110
01110010010010000101110 01110010000100100101110
01101110101001001110001 01101110010010101110001
01010110010010000001110 01010110000001001001110
01011010100110011100101 01011001101010011100101
01100100010010000010110 01100100000100100010110
01110001110100110000010 01110001100101110000010
01111100100100001101110 01111100001001001101110
01011110101000111011100 01011110001010111011100
01110110001100101010110 01110110001010110010110
01110101001101000110110 01110101000101100110110
01111101001001000010110 01111101000010010010110
01101100110100010110110 01101100010110010110110
01111010100110100011101 01111010100010110011101
01111111001001000010110 01111111000010010010110
01110110101000111111100 01110110001010111111100
01001100010010000011010 01001100000100100011010
01101001101001011010110 01101001011010011010110
01101000101000001001110 01101000001010001001110
01000001100100100001110 01000001100001001001110
01110010101000100111110 01110010001010100111110
00111010101001001110100 00111010010010101110100
01101001001000010100110 01101000010010010100110
01111001100110000111110 01111000011001100111110
01001111010100011001110 01001111000101011001110
01111011001100001111110 01111011000011001111110
01101110101000111010110 01101110001010111010110
01110111101010001110100 01110111100010101110100
01111101001010000111110 01111101000010100111110
01101110101010001101110 01101110100010101101110
01011010100110010000101 01011001101010010000101
00101110101000101111110 00101110001010101111110
01011000111010011000010 01011000110010111000010
01011110010100001101010 01011110000101001101010
01110100110100011010110 01110100010110011010110
01111011010010100001110 01111011010000101001110
01111110011000011011110 01111110000110011011110
01111011101010100011100 01111011101000101011100
01111100100100001100010 01111100001001001100010
01111110001100000101110 01111110000011000101110
01101000101000001010110 01101000001010001010110
00111010100011010101110 00111000101011010101110
01011000110010101010110 01011000101011001010110
01110101001001000011010 01110101000010010011010
01001101111010100011100 01001101111000101011100
00101010111010100011100 00101010111000101011100
00111111101010001110110 00111111100010101110110
01111100110000110011110 01111100001100110011110
01001101101010001011110 01001101100010101011110
01110100100100001011110 01110100001001001011110
01101110101010100011100 01101110001010101011100
00111010100011100110001 00111000111010100110001
01101100011000001110110 01101100000110001110110
01101011010100011010110 01101011000101011010110
00111010100011100011100 00111000111000101011100
01110110101001100100101 01110110011010100100101
00111010100010111110100 00111000101010111110100
01110001010001000001110 01110000010001010001110
01001111011010100011100 01001111011000101011100
01110101001001000010110 01110101000010010010110
01001111001010000111110 01001111000010100111110
01111010101000111110100 01111010001010111110100
01100110000110000001110 01100110000001100001110
00111110101000110111110 00111110001010110111110
01001101100100100001110 01001101100001001001110
01110101101010001101110 01110101100010101101110
01011001001000011000010 01011000011001001000010
00111010101010001111100 00111000101010101111100
00111010100011011011010 00111000101011011011010
00101111111010100011100 00101111111000101011100
01011000011101001100010 01011000011001011100010
01011110101001100100101 01011110011010100100101
01110110101000111011110 01110110001010111011110
00101110101010001110100 00101110100010101110100
01011110001010000010110 01011110000010100010110
01101100101010001001110 01101100100010101001110
01011110101000111101110 01011110001010111101110
01111011100110000111110 01111011100001100111110
01111110101010100011100 01111110101000101011100
01011010100110010011101 01011001101010010011101
01111010101000110110010 01111010001010110110010
01111010101000111010100 01111010001010111010100
01111010101010001111100 01111010100010101111100
01011010010100001011010 01011010000101001011010
01101100110100010101110 01101100010110010101110
01111011001101000101110 01111011000101100101110
01111000110000011010110 01111000001100011010110
01110110000110000001110 01110110000001100001110
01110110101000101111110 01110110001010101111110
01111110111010100011100 01111110111000101011100
01101010001010000010110 01101010000010100010110
01000111010101001100010 01000110010101011100010
01110101101010100011100 01110101101000101011100
01101010001010000011010 01101010000010100011010
01110001010100010001110 01110001000101010001110
01111010010010000101010 01111010000100100101010
00111110101000101110100 00111110001010101110100
00111010101001001011100 00111010010010101011100
00111110101000001111100 00111110000010101111100
01110010010100001001110 01110010000101001001110
01110001110010011001110 01110001100111001001110
01111111101010100011100 01111111101000101011100
01110010000110000001110 01110010000001100001110
01111010101000111111010 01111010001010111111010
01110010010000001001110 01110000001001001001110
01110110101000111100010 01110110001010111100010
01110111101010001111010 01110111100010101111010
01000011101001100100001 01000011001011100100001
01101110011010010011100 01101110010010110011100
01110010110010100001110 01110010110000101001110
01001100100100001100010 01001100001001001100010
01110001010000011110010 01110000010100011110010
01110010010000100111110 01110000100100100111110
01110100110100010110110 01110100010110010110110
01111100110000110111110 01111100001100110111110
00111010100011101011100 00111000101011101011100
01110101110011000011110 01110101110000110011110
01111011001101000110110 01111011000101100110110
01001101101010001011100 01001101100010101011100
01111100110000111011110 01111100001100111011110
00111010101000111010110 00111010001010111010110
01110110101000111101110 01110110001010111101110
01110111001100001011110 01110111000011001011110
01011110101000110111110 01011110001010110111110
01011110101010100011100 01011110001010101011100
00111010100011111100010 00111000101011111100010
01001100100100001101110 01001100001001001101110
00111010100010111011110 00111000101010111011110
01110111101010001111100 01110111100010101111100
01110110101000101110100 01110110001010101110100
01000111010011001100010 01000110010111001100010
01110011010100011110010 01110011000101011110010
01111101101010001110100 01111101100010101110100
01111100010010000010110 01111100000100100010110
00111010100010111111110 00111000101010111111110
01101010000110000001110 01101010000001100001110
01111110011000011111110 01111110000110011111110
01111010101010001101110 01111010100010101101110
01111101001001000011010 01111101000010010011010
01011000001100101011010 01011000001010110011010
00111010101000101111110 00111010001010101111110
01101011101010001110100 01101011100010101110100
01111010010100001101110 01111010000101001101110
01011011010100110000101 01011011001101010000101
01000110010010000110010 01000110000100100110010
01111100110000111010110 01111100001100111010110
01111101001100001111110 01111101000011001111110
01111101101101100111101 01111101100110110111101
01111000110000011011110 01111000001100011011110
01111010101010100011100 01111010101000101011100
01110110101000111010110 01110110001010111010110
01110101011010100011100 01110101011000101011100
01000000011001001000010 01000000010010011000010
01010110010100001101010 01010110000101001101010
00111010100011100101001 00111000111010100101001
00111010100011011110010 00111000101011011110010
01111100101000011001110 01111100001010011001110
01011110101000101111110 01011110001010101111110
01010100100100100001110 01010100100001001001110
01000110010010000111110 01000110000100100111110
01000111101010001011110 01000111100010101011110
00111010100011101011110 00111000101011101011110
01101110001100000111010 01101110000011000111010
01011010010100001111010 01011010000101001111010
01011110101001100011100 01011110011000101011100
01000011101001100101001 01000011001011100101001
01111010011010100011100 01111010011000101011100
00111001101001001110100 00111001001011001110100
01000111010011000001110 01000110010111000001110
01110001101101010001011 01110001010110110001011
01101110101000111011100 01101110001010111011100
00111010100010110011110 00111000101010110011110
00101110101000101011110 00101110001010101011110
01111110100110000111110 01111110100001100111110
01110010010000001011010 01110000001001001011010
01110010010000110001110 01110000100100110001110
01111110100100100001110 01111110100001001001110
00111010111010100011100 00111010111000101011100
00101110101000101110110 00101110001010101110110
01110101101010001111100 01110101100010101111100
01111100100100001011110 01111100001001001011110
01111000110000010110110 01111000001100010110110
01111010101010100011100 01111010001010101011100
01111100101000011011010 01111100001010011011010
01110100010100000111110 01110100000101000111110
01101110101000111111010 01101110001010111111010
01101011010100011100011 01101011000111010100011
01011110101000101011110 01011110001010101011110
00111010101000111010100 00111010001010111010100
01011000110010101110100 01011000101011001110100
01000110110010100001110 01000110110000101001110
00111111101010001111010 00111111100010101111010
01000111010011000000010 01000110010111000000010
01101111101010100011100 01101111101000101011100
01101010101001100100101 01101010011010100100101
01110110011010001011110 01110110001011001011110
01111111001001000011010 01111111000010010011010
01110111001100001101110 01110111000011001101110
01111010010010000100110 01111010000100100100110
01011100011000001101110 01011100000110001101110
00111011101010001011100 00111011100010101011100
00101110101010100011100 00101110101000101011100
01101010100110001111010 01101001101010001111010
01101110101010001110110 01101110100010101110110
01110011001001110001110 01110010011100110001110
01111100101000010110110 01111100001010010110110
00111010101001100011010 00111010011010100011010
00111010100011110111110 00111000101011110111110
01110011000110000011110 01110011000001100011110
01100100100100001111010 01100100001001001111010
01111001100001111000001 01111000011110011000001
01110010010000100101010 01110000100100100101010
01000000111010011000010 01000000110010111000010
01110110001100000101110 01110110000011000101110
01111001100001111111110 01111000011001111111110
01011011001001000011010 01011011000010010011010
01111101101010001101110 01111101100010101101110
01010100100100001101110 01010100001001001101110
01101110101000101101110 01101110001010101101110
01111000110000011111110 01111000001100011111110
01110010100001111011010 01110000101001111011010
01111100110010100001110 01111100110000101001110
01000000111010011010001 01000000110010111010001
01000011101001101001001 01000011001011101001001
01111111001100001111110 01111111000011001111110
01111011101010001110100 01111011100010101110100
01001111010100011110010 01001111000101011110010
00111010100010101011100 00111000101010101011100
01101110101000111111100 01101110001010111111100
00111010101010001110110 00111000101010101110110
01111000011000000110110 01111000000110000110110
00111010101010001111010 00111000101010101111010
01110110101001100011010 01110110011010100011010
01111010101000101101110 01111010001010101101110
01111001010010100001110 01111001010000101001110
01111100011000001101110 01111100000110001101110
01011000110101001100101 01011000110011010100101
01011110001010000011010 01011110000010100011010
01101010100110010000101 01101001101010010000101
01101110011000010111110 01101110000110010111110
00111011101010001011110 00111011100010101011110
01111010010010000001110 01111010000001001001110
01110010010000001101110 01110000001001001101110
00111010101010100011100 00111010101000101011100
01101110101001100100101 01101110011010100100101
00101110101010001110110 00101110100010101110110
01110110011000011111110 01110110000110011111110
01100010100100100001110 01100010100001001001110
01110100101000011011010 01110100001010011011010
00101110101001001110110 00101110010010101110110
01110111111010100011100 01110111111000101011100
01111100101000011110010 01111100001010011110010
01110110001100101011010 01110110001010110011010
01111010010010000110010 01111010000100100110010
01101100011000001011110 01101100000110001011110
01101101010100011011010 01101101000101011011010
01110010010000101001110 01110000100100101001110
01111010001100000101110 01111010000011000101110
01111100011000001110110 01111100000110001110110
01111001011010100011100 01111001011000101011100
01111010101000101111110 01111010001010101111110
01011011010100110001001 01011011001101010001001
01000111010011010100001 01000110010111010100001
00101011101010001011110 00101011100010101011110
00111110111010100011100 00111110111000101011100
01111000001100000001110 01111000000011000001110
01010001000100000101110 01010000010001000101110
01101011101010001111100 01101011100010101111100
01011001001000011011010 01011000010010011011010
00111110101000111111010 00111110001010111111010
01101011101010001011100 01101011100010101011100
01011111101010001111100 01011111100010101111100
01111101001100001011110 01111101000011001011110
01001100100100001011110 01001100001001001011110
01101010100110011100101 01101001101010011100101
01101010010010000101110 01101010000100100101110
01101101010100011001110 01101101000101011001110
00101110101000111010100 00101110001010111010100
01000111010011001000001 01000110010111001000001
01110110010010000101110 01110110000100100101110
01010000100010000001110 01010000001000100001110
01111101100110100011101 01111101100010110011101
00111010100011111011110 00111000101011111011110
01011011010100110100011 01011011001101010100011
00111010101000111011110 00111010001010111011110
01100100100100100001110 01100100100001001001110
01101110101000101110100 01101110001010101110100
01000011011010100011100 01000011011000101011100
00111011101010001110100 00111011100010101110100
00111010101000110110010 00111010001010110110010
01111100100100001001110 01111100001001001001110
01001100100100001010110 01001100001001001010110
01000111010011010010001 01000110010111010010001
01110101001101000111101 01110101000101100111101
01000001110100110001110 01000001100101110001110
01011110010001000011010 01011110000100010011010
00101110101001100011100 00101110011000101011100
01111100110010000111110 01111100001001100111110
01011000101000001011110 01011000001010001011110
01111100010010000011010 01111100000100100011010
00111110101010001011110 00111110100010101011110
01101010101001100011010 01101010011010100011010
01111010101001100011010 01111010011010100011010
01111010101000110101110 01111010001010110101110
00111010100011011000010 00111000101011011000010
01111100010100000111110 01111100000101000111110
01110111011011001111101 01110111001101101111101
01110010010000100001110 01110000100001001001110
01110010010000101001010 01110000100100101001010
01000011000010010010110 01000010010011000010110
01110101001010000101110 01110101000010100101110
01111001100001101011110 01111000011001101011110
01111011101010001111100 01111011100010101111100
01111101010011000011110 01111101010000110011110
01110110001001000001110 01110110000010010001110
01111010010100001111010 01111010000101001111010
01011111101010001101110 01011111100010101101110
01110010001001000001110 01110010000010010001110
01101001001000011000010 01101000010010011000010
01000110101001100011010 01000110011010100011010
01111110101010001110100 01111110100010101110100
01110010010000101011110 01110000100100101011110
00111010100010101011110 00111000101010101011110
01011011010100011010110 01011011000101011010110
00111111111010100011100 00111111111000101011100
00111111101100011111100 00111111100011011111100
01011011001100101011010 01011011001010110011010
01101010010010000110010 01101010000100100110010
01110100101000011111110 01110100001010011111110
01111011000110000011110 01111011000001100011110
01110011110010100001110 01110011110000101001110
01000111101010001110110 01000111100010101110110
01101001001000010010110 01101000010010010010110
01110001001000001111010 01110000010010001111010
01110110010001000011010 01110110000100010011010
01111001100001110011110 01111000011001110011110
01101000101000001111010 01101000001010001111010
01011001001000011000010 01011000010010011000010
01101010010010000100110 01101010000100100100110
01111110101010001110110 01111110100010101110110
01101011001101000110110 01101011000101100110110
01100100100100001001110 01100100001001001001110
01110010010000110011010 01110000100100110011010
01011000100010000010110 01011000001000100010110
01111101100110000111110 01111101100001100111110
01111001100001110101110 01111000011001110101110
01111010101010001011100 01111010100010101011100
01101000100100000101110 01101000001001000101110
01110000110010010000010 01110000100100110000010
01101001001000011000010 01101000011001001000010
00101110101000110110010 00101110001010110110010
00111010100011101001001 00111000111010101001001
00111010101000111111010 00111010001010111111010
00111010100010101111100 00111000101010101111100
01110000101000000111110 01110000001010000111110
01110110101000111110100 01110110001010111110100
00101110101000101011100 00101110001010101011100
01000111101010001110100 01000111100010101110100
01110011100110000111110 01110011100001100111110
00111010100010111111100 00111000101010111111100
01011110101000101110110 01011110001010101110110
01111110011000011101110 01111110000110011101110
01111101001100001110110 01111101000011001110110
01110100011000001111110 01110100000110001111110
00111001101001001111100 00111001001011001111100
01110001101101010100011 01110001010110110100011
01110101000101000001110 01110101000001010001110
01110100010001000001010 01110100000100010001010
01101000110100101010110 01101000101011010010110
00101110101010001011100 00101110100010101011100
01101100110100011111101 01101100010110011111101
01110100101000010111110 01110100001010010111110
00111010101000111111100 00111010001010111111100
01111100011000001011110 01111100000110001011110
01111010101000111100010 01111010001010111100010
01101000010010000001110 01101000000100100001110
01101011101010100011100 01101011101000101011100
01000001110010011000010 01000001100100111000010
00111110101000101101110 00111110001010101101110
01110110010010000001110 01110110000001001001110
01110110010010000111110 01110110000100100111110
01101001001000010111110 01101000010010010111110
01010100100100001111010 01010100001001001111010
01001100100100001001110 01001100001001001001110
00111110101010001011100 00111110100010101011100
01101110101010001111100 01101110100010101111100
01111110011000010111110 01111110000110010111110
01111111100110000111110 01111111100001100111110
00111010100011001110001 00111000110010101110001
00111011101010100011100 00111011101000101011100
01101110101000111100010 01101110001010111100010
01011001100101011011010 01011001010110011011010
01101110101000101110110 01101110001010101110110
01110101101010001111010 01110101100010101111010
01101110101000111101110 01101110001010111101110
01111110100110100011101 01111110100010110011101
00111010100010111011100 00111000101010111011100
00101110101010001011110 00101110100010101011110
01111011101010001111010 01111011100010101111010
01011110101001100011010 01011110011010100011010
01101110001100000111110 01101110000011000111110
00111111101010001110100 00111111100010101110100
01101101100110000111110 01101101100001100111110
01101110101000110110010 01101110001010110110010
01000111010011000111110 01000110010111000111110
01111111001100001110110 01111111000011001110110
01111010011000011101110 01111010000110011101110
01110011010100011100011 01110011000111010100011
00111010101000111110110 00111010001010111110110
00111000110100101010110 00111000101011010010110
01111100010100000101110 01111100000101000101110
01101000100010000010110 01101000001000100010110
00111010100011110110010 00111000101011110110010
01110001000100000111110 01110000010001000111110
01101010010100001010110 01101010000101001010110
01101010010100001011110 01101010000101001011110
01111101001101000111101 01111101000101100111101
01101001001000010101110 01101000010010010101110
00101111101010001110110 00101111100010101110110
00111001101001001011110 00111001001011001011110
01110011010100011010110 01110011000101011010110
01000011001001000000010 01000010010011000000010
01111010101001001110110 01111010010010101110110
01101101000110000011110 01101101000001100011110
01111001001001000011010 01111001000010010011010
00101110101000111100010 00101110001010111100010
01000110001001000001110 01000110000010010001110
01011000110101001101001 01011000110011010101001
01010000100010000001010 01010000001000100001010
00101111101010001111010 00101111100010101111010
01110110101010001111100 01110110100010101111100
01011111100100100001110 01011111100001001001110
01111100100100100001110 01111100100001001001110
01111110110011000011110 01111110110000110011110
00111111101010001011100 00111111100010101011100
01001111001001000011010 01001111000010010011010
01011010100110010010001 01011001101010010010001
01110011001010000101110 01110011000010100101110
01111100110000111100001 01111100001111001100001
00111010100011101111110 00111000101011101111110
01011010100110001111010 01011001101010001111010
01000001100100100100001 01000001001001100100001
01000111101010001101110 01000111100010101101110
00111010100011111010100 00111000101011111010100
01110011010100011011010 01110011000101011011010
01110000110000001111110 01110000001100001111110
01100100100100001011110 01100100001001001011110
00101110101010001101110 00101110100010101101110
00111010101000111110100 00111010001010111110100
01111010101000111110110 01111010001010111110110
00101110101001100100101 00101110011010100100101
01111110001100000110110 01111110000011000110110
01110000100100000011010 01110000001001000011010
01011000110010101011100 01011000101011001011100
01111001000101000001110 01111001000001010001110
01110001010000010101110 01110000010100010101110
01110010100001010111110 01110000101001010111110
00101011111010100011100 00101011111000101011100
