10100010110100110010110 10100010110010110010110 00111010100011100 00111000101011100
10110100101101001011010 10110100101011001011010 00111010100011100 00111000101011100
10100101101001011010010 10100101100101011010010 00111010100011100 00111000101011100
10100101101001101001001 10100101100101101001001 00111010100011100 00111000101011100
10100101101001011010001 10100101100101011010001 00111010100011100 00111000101011100
10100010110100101101001 10100010110010101101001 00111010100011100 00111000101011100
11001011010100110100101 11001011010010110100101 00111010100011100 00111000101011100
10100010110100101100110 10100010110010101100110 00111010100011100 00111000101011100
11001011010010111111001 11001010110010111111001 00111010100011100 00111000101011100
1010010110100110100101 1010010110010110100101 00111010100011100 00111000101011100
10010110101010100101100 10010110100110100101100 00111010100011100 00111000101011100
10101101001101010010110 10101101001011010010110 00111010100011100 00111000101011100
11001100101100110100101 11001100101010110100101 00111010100011100 00111000101011100
10110100110011010010001 10110100101011010010001 00111010100011100 00111000101011100
10010110101010010111010 10010110100110010111010 00111010100011100 00111000101011100
10100101101001101000101 10100101100101101000101 00111010100011100 00111000101011100
10011101001101010010110 10011101001011010010110 00111010100011100 00111000101011100
1010010110101010010110 1010010110011010010110 00111010100011100 00111000101011100
10011001100110100000110 10011001010110100000110 00111010100011100 00111000101011100
10100000101101010010110 10100000101100110010110 00111010100011100 00111000101011100
1001011010100101101001 1001011010010101101001 00111010100011100 00111000101011100
10011001011001011010010 10011001010101011010010 00111010100011100 00111000101011100
10011001011010010111010 10011001010110010111010 00111010100011100 00111000101011100
10100101101001101001010 10100101100101101001010 00111010100011100 00111000101011100
10010110101010010110100 10010110100110010110100 00111010100011100 00111000101011100
10011101001100101101001 10011101001010101101001 00111010100011100 00111000101011100
10100101101010010111001 10100101100110010111001 00111010100011100 00111000101011100
10011110100110011010010 10011110100101011010010 00111010100011100 00111000101011100
10110100110011010000101 10110100101011010000101 00111010100011100 00111000101011100
1010010110101001011010 1010010110011001011010 00111010100011100 00111000101011100
1010010110100101101001 1010010110010101101001 00111010100011100 00111000101011100
10010110101001011010010 10010110100101011010010 00111010100011100 00111000101011100
11010010110100101101001 11010010110010101101001 00111010100011100 00111000101011100
10010110101001101001010 10010110100101101001010 00111010100011100 00111000101011100
10011001011001101001010 10011001010101101001010 00111010100011100 00111000101011100
11001100110011010000101 11001100101011010000101 00111010100011100 00111000101011100
10011001100110100001010 10011001010110100001010 00111010100011100 00111000101011100
11001011010101010011001 11001011010011010011001 00111010100011100 00111000101011100
10100101101010010111010 10100101100110010111010 00111010100011100 00111000101011100
10100001011010010101100 10100001011001010101100 00111010100011100 00111000101011100
1001011010101001011010 1001011010011001011010 00111010100011100 00111000101011100
10010010110101001011010 10010010110011001011010 00111010100011100 00111000101011100
10011001011001011001100 10011001010101011001100 00111010100011100 00111000101011100
10010110101001101000110 10010110100101101000110 00111010100011100 00111000101011100
11010000101101010011001 11010000101100110011001 00111010100011100 00111000101011100
10011101001101001011010 10011101001011001011010 00111010100011100 00111000101011100
10010110101001011010001 10010110100101011010001 00111010100011100 00111000101011100
10101101001100101100110 10101101001010101100110 00111010100011100 00111000101011100
10110011010101001011010 10110011010011001011010 00111010100011100 00111000101011100
10001011010101001011010 10001011010011001011010 00111010100011100 00111000101011100
10010110101001101001001 10010110100101101001001 00111010100011100 00111000101011100
11001011010010111111010 11001010110010111111010 00111010100011100 00111000101011100
10010110101001011111010 10010110011001011111010 00111010100011100 00111000101011100
10110100101101010010110 10110100101011010010110 00111010100011100 00111000101011100
10100000010110100101100 10100000010110010101100 00111010100011100 00111000101011100
11001010110100101111010 11001010101100101111010 00111010100011100 00111000101011100
10100010110101001011010 10100010110011001011010 00111010100011100 00111000101011100
11001011010100101101001 11001011010010101101001 00111010100011100 00111000101011100
1001100101100101100110 1001100101010101100110 00111010100011100 00111000101011100
10101101001101001011010 10101101001011001011010 00111010100011100 00111000101011100
10100101101001101000110 10100101100101101000110 00111010100011100 00111000101011100
10100101101010100101110 10100101100110100101110 00111010100011100 00111000101011100
10001011010101010010110 10001011010011010010110 00111010100011100 00111000101011100
1010010110101010011001 1010010110011010011001 00111010100011100 00111000101011100
11010010110100110100101 11010010110010110100101 00111010100011100 00111000101011100
10010110011010010111010 10010110010110010111010 00111010100011100 00111000101011100
10010110101010010110110 10010110100110010110110 00111010100011100 00111000101011100
10100010110100110010110 10100010110010110010110 01110010100001110 01110000101001110
10110100101101001011010 10110100101011001011010 01110010100001110 01110000101001110
10100101101001011010010 10100101100101011010010 01110010100001110 01110000101001110
10100101101001101001001 10100101100101101001001 01110010100001110 01110000101001110
10100101101001011010001 10100101100101011010001 01110010100001110 01110000101001110
10100010110100101101001 10100010110010101101001 01110010100001110 01110000101001110
11001011010100110100101 11001011010010110100101 01110010100001110 01110000101001110
10100010110100101100110 10100010110010101100110 01110010100001110 01110000101001110
11001011010010111111001 11001010110010111111001 01110010100001110 01110000101001110
1010010110100110100101 1010010110010110100101 01110010100001110 01110000101001110
10100101101010010110110 10100101100110010110110 01110010100001110 01110000101001110
10010110101010100101100 10010110100110100101100 01110010100001110 01110000101001110
10101101001101010010110 10101101001011010010110 01110010100001110 01110000101001110
11001100101100110100101 11001100101010110100101 01110010100001110 01110000101001110
10110100110011010010001 10110100101011010010001 01110010100001110 01110000101001110
10010110101010010111010 10010110100110010111010 01110010100001110 01110000101001110
10100101101001101000101 10100101100101101000101 01110010100001110 01110000101001110
10011101001101010010110 10011101001011010010110 01110010100001110 01110000101001110
1010010110101010010110 1010010110011010010110 01110010100001110 01110000101001110
10011001100110100000110 10011001010110100000110 01110010100001110 01110000101001110
10100000101101010010110 10100000101100110010110 01110010100001110 01110000101001110
1001011010100101101001 1001011010010101101001 01110010100001110 01110000101001110
10011001011001011010010 10011001010101011010010 01110010100001110 01110000101001110
10011001011010010111010 10011001010110010111010 01110010100001110 01110000101001110
10100101101001101001010 10100101100101101001010 01110010100001110 01110000101001110
10010110101010010110100 10010110100110010110100 01110010100001110 01110000101001110
10011101001100101101001 10011101001010101101001 01110010100001110 01110000101001110
10100101101010010111001 10100101100110010111001 01110010100001110 01110000101001110
10011110100110011010010 10011110100101011010010 01110010100001110 01110000101001110
10110100110011010000101 10110100101011010000101 01110010100001110 01110000101001110
1010010110101001011010 1010010110011001011010 01110010100001110 01110000101001110
1010010110100101101001 1010010110010101101001 01110010100001110 01110000101001110
10010110101001011010010 10010110100101011010010 01110010100001110 01110000101001110
11010010110100101101001 11010010110010101101001 01110010100001110 01110000101001110
10010110101001101001010 10010110100101101001010 01110010100001110 01110000101001110
10011001011001101001010 10011001010101101001010 01110010100001110 01110000101001110
11001100110011010000101 11001100101011010000101 01110010100001110 01110000101001110
10011001100110100001010 10011001010110100001010 01110010100001110 01110000101001110
11001011010101010011001 11001011010011010011001 01110010100001110 01110000101001110
10100101101010010111010 10100101100110010111010 01110010100001110 01110000101001110
10100001011010010101100 10100001011001010101100 01110010100001110 01110000101001110
1001011010101001011010 1001011010011001011010 01110010100001110 01110000101001110
10010010110101001011010 10010010110011001011010 01110010100001110 01110000101001110
10011001011001011001100 10011001010101011001100 01110010100001110 01110000101001110
10010110101001101000110 10010110100101101000110 01110010100001110 01110000101001110
11010000101101010011001 11010000101100110011001 01110010100001110 01110000101001110
10011101001101001011010 10011101001011001011010 01110010100001110 01110000101001110
10010110101001011010001 10010110100101011010001 01110010100001110 01110000101001110
10101101001100101100110 10101101001010101100110 01110010100001110 01110000101001110
10110011010101001011010 10110011010011001011010 01110010100001110 01110000101001110
10001011010101001011010 10001011010011001011010 01110010100001110 01110000101001110
10010110101001101001001 10010110100101101001001 01110010100001110 01110000101001110
11001011010010111111010 11001010110010111111010 01110010100001110 01110000101001110
10010110101001011111010 10010110011001011111010 01110010100001110 01110000101001110
10110100101101010010110 10110100101011010010110 01110010100001110 01110000101001110
10100000010110100101100 10100000010110010101100 01110010100001110 01110000101001110
11001010110100101111010 11001010101100101111010 01110010100001110 01110000101001110
10100010110101001011010 10100010110011001011010 01110010100001110 01110000101001110
11001011010100101101001 11001011010010101101001 01110010100001110 01110000101001110
1001100101100101100110 1001100101010101100110 01110010100001110 01110000101001110
10101101001101001011010 10101101001011001011010 01110010100001110 01110000101001110
10100101101001101000110 10100101100101101000110 01110010100001110 01110000101001110
10100101101010100101110 10100101100110100101110 01110010100001110 01110000101001110
10001011010101010010110 10001011010011010010110 01110010100001110 01110000101001110
1010010110101010011001 1010010110011010011001 01110010100001110 01110000101001110
11010010110100110100101 11010010110010110100101 01110010100001110 01110000101001110
10010110011010010111010 10010110010110010111010 01110010100001110 01110000101001110
10010110101010010110110 10010110100110010110110 01110010100001110 01110000101001110
