10001100101100101100110 10001100101010101100110
10010010110101010010110 10010010110011010010110
10010110101010011010001 10010110100110011010001
1001011010101010010110 1001011010011010010110
10010110101010100101110 10010110100110100101110
10010110101010100110001 10010110100110100110001
10010110101010100110010 10010110100110100110010
10011001011001011001110 10011001010101011001110
10011001011001011010001 10011001010101011010001
1001100101100101101001 1001100101010101101001
10011001011001101000110 10011001010101101000110
10011001011001101001001 10011001010101101001001
10011001100110100001001 10011001010110100001001
10011001100110100010010 10011001010110100010010
10011101001100101100110 10011101001010101100110
10011111010011001100110 10011111010010101100110
10100000101101010011001 10100000101100110011001
1010000101101010011001 1010000101100110011001
10100001011010100110010 10100001011001100110010
10100010110101010010110 10100010110011010010110
10100010110101010011001 10100010110011010011001
10100101101010010110100 10100101100110010110100
10100101101010010110110 10100101100110010110110
10100101101010011010001 10100101100110011010001
10100101101010100101100 10100101100110100101100
10100101101010100110001 10100101100110100110001
10100101101010100110010 10100101100110100110010
10101101001100101101001 10101101001010101101001
10101101001100110100101 10101101001010110100101
10101111010011001100110 10101111010010101100110
10110011010100101111010 10110011001100101111010
10110011010101010010110 10110011010011010010110
10110011010101010011001 10110011010011010011001
10110100101100101100110 10110100101010101100110
10110100101100101101001 10110100101010101101001
10110100101100110100101 10110100101010110100101
10110100110010110100001 10110100101010110100001
10110100110011010000110 10110100101011010000110
10110100110011010001001 10110100101011010001001
10110111010011001100110 10110111010010101100110
10111010011001101000010 10111010010101101000010
10111101001100110100010 10111101001010110100010
10111110100110011010001 10111110100101011010001
11001011010101001011010 11001011010011001011010
11001011010101010010110 11001011010011010010110
11001100101100101100110 11001100101010101100110
11001100101100101101001 11001100101010101101001
11010010110101001011010 11010010110011001011010
11010010110101010010110 11010010110011010010110
11010010110101010011001 11010010110011010011001
