10011001011001011001110 10011001010101011001110
10011001011001011010001 10011001010101011010001
10011101001100101100110 10011101001010101100110
10100101101010010110100 10100101100110010110100
10100101101010011010001 10100101100110011010001
10100101101010100101100 10100101100110100101100
10101101001100110100101 10101101001010110100101
10110011010101010011001 10110011010011010011001
10110100101100101101001 10110100101010101101001
10111010011001101000010 10111010010101101000010
11001011010101010010110 11001011010011010010110
11010010110101001011010 11010010110011001011010
