100000110010 100000101010
100001100100 100001010100
100001100110 100001010110
100011000110 100010100110
100011001010 100010101010
100011001100 100010101100
100011001110 100010101110
100011010001 100010110001
100011010010 100010110010
100011100110 100011010110
100011101010 100011011010
100101000110 100100100110
100101100110 100101010110
100101101001 100101011001
100110001110 100101001110
100110010110 100101010110
100110010110 100101100110
100110011000 100101011000
100110011001 100101011001
100110011001 100101101001
100110011010 100101011010
100110011100 100101011100
100110011110 100101011110
100110100001 100101100001
100110100010 100101100010
100110100100 100101100100
100110100110 100101010110
100110100110 100101100110
100110100110 100110010110
100110101001 100101011001
100110101001 100101101001
100110101001 100110011001
100110110001 100101110001
100111001110 100110101110
100111010110 100110110110
100111011001 100110111001
101001100110 101001010110
101001101001 101001011001
101010001110 101001001110
101010100001 101001100001
101011001110 101010101110
101100111100 101010111100
101100111110 101010111110
101101001100 101100101100
101101001101 101100101101
101101001110 101100101110
101101010001 101100110001
101101010010 101100110010
101101100001 101011100001
101101100010 101011100010
101110010010 101110001010
101110100110 101110010110
101110101001 101110011001
101110111001 101101111001
101111010101 101111001101
110000110010 110000101010
110001100110 110001010110
110001101001 110001011001
110001110101 110001101101
110011001100 110010101100
110011001101 110010101101
110011001110 110010101110
110011010001 110010110001
110011010010 110010110010
110011010011 110010110011
110110011110 110101011110
110110100110 110110010110
110110101001 110110011001
110110110001 110101110001
111001100110 111001010110
111001101001 111001011001
