1001011010100101101001 1001011010010101101001
1001011010101001011010 1001011010011001011010
1001011010101010010110 1001011010011010010110
1001100101100101100110 1001100101010101100110
1001100101100101101001 1001100101010101101001
1010000101101010011001 1010000101100110011001
1010010110100101101001 1010010110010101101001
1010010110100110100101 1010010110010110100101
1010010110101001011010 1010010110011001011010
1010010110101010010110 1010010110011010010110
1010010110101010011001 1010010110011010011001
