000111010100011100 000111000101011100
001110010100001110 001110000101001110
001110101000111000 001110001010111000
001110101000111001 001110001010111001
010001111010110001 010001101011110001
010110101001100101 010110011010100101
010110101001101001 010110011010101001
011000111010100011 011000101011100011
011010101001100101 011010011010100101
011010101001101001 011010011010101001
011100100100001110 011100001001001110
011100101000011100 011100001010011100
011100101000011101 011100001010011101
011110011000011110 011110000110011110
