0111010010100001110 0111010000101001110
0111000101000001110 0111000001010001110
0011101010001011100 0011100010101011100
0111110010100001110 0111110000101001110
0101100100100001110 0101100001001001110
0011101010001101110 0011100010101101110
0111001001000010110 0111000010010010110
0100011101001100010 0100011001011100010
0011101010001111010 0011100010101111010
0111100110000111110 0111100001100111110
0111001010000111110 0111000010100111110
0111001010000101110 0111000010100101110
0110111010100011100 0110111000101011100
0111001001000011010 0111000010010011010
0011101010001011110 0011100010101011110
0011101010001110110 0011100010101110110
0010111010100011100 0010111000101011100
0011101010001111100 0011100010101111100
0111101010100011100 0111101000101011100
0011111010100011100 0011111000101011100
0011101010100011100 0011101000101011100
0011101010001110100 0011100010101110100
0110100100100001110 0110100001001001110
0101111010100011100 0101111000101011100
0111110011000011110 0111110000110011110
0111011010100011100 0111011000101011100
