0000111010100011100 0000111000101011100
0001110010100001110 0001110000101001110
0001110101000111000 0001110001010111000
0001110101000111001 0001110001010111001
0010001111010110001 0010001101011110001
0010110101001100101 0010110011010100101
0010110101001101001 0010110011010101001
0010111010100011100 0010111000101011100
0011000111010100011 0011000101011100011
0011010101001100101 0011010011010100101
0011010101001101001 0011010011010101001
0011100100100001110 0011100001001001110
0011100101000011100 0011100001010011100
0011100101000011101 0011100001010011101
0011101010001011100 0011100010101011100
0011101010001011110 0011100010101011110
0011101010001101110 0011100010101101110
0011101010001110000 0011100010101110000
0011101010001110001 0011100010101110001
0011101010001110010 0011100010101110010
0011101010001110011 0011100010101110011
0011101010001110100 0011100010101110100
0011101010001110110 0011100010101110110
0011101010001111010 0011100010101111010
0011101010001111100 0011100010101111100
0011101010100011100 0011101000101011100
0011110011000011110 0011110000110011110
0011111010100011100 0011111000101011100
0100001111001100001 0100001100111100001
0100011101001100010 0100011001011100010
0100011110101100010 0100011010111100010
0100011110101100011 0100011010111100011
0100011110110110001 0100011011011110001
0100101100101010110 0100101010110010110
0100101100101011010 0100101010110011010
0100111010100011100 0100111000101011100
0101001100101010110 0101001010110010110
0101001100101011010 0101001010110011010
0101100100100001110 0101100001001001110
0101101010011001010 0101100110101001010
0101101010011001011 0101100110101001011
0101101010011010010 0101100110101010010
0101101010011010011 0101100110101010011
0101110010100001110 0101110000101001110
0101111010100011100 0101111000101011100
0110001110101000110 0110001010111000110
0110001110101000111 0110001010111000111
0110001111010110001 0110001101011110001
0110100100100001110 0110100001001001110
0110101010011001010 0110100110101001010
0110101010011001011 0110100110101001011
0110101010011010010 0110100110101010010
0110101010011010011 0110100110101010011
0110111010100011100 0110111000101011100
0111000101000001110 0111000001010001110
0111000111010100011 0111000101011100011
0111001001000010110 0111000010010010110
0111001001000011010 0111000010010011010
0111001001000011100 0111000010010011100
0111001001000011101 0111000010010011101
0111001010000101110 0111000010100101110
0111001010000111000 0111000010100111000
0111001010000111001 0111000010100111001
0111001010000111010 0111000010100111010
0111001010000111011 0111000010100111011
0111001010000111110 0111000010100111110
0111010010100001110 0111010000101001110
0111011010100011100 0111011000101011100
0111100110000111100 0111100001100111100
0111100110000111101 0111100001100111101
0111100110000111110 0111100001100111110
0111101010100011100 0111101000101011100
0111110010100001110 0111110000101001110
0111110011000011110 0111110000110011110
