00111010101001100101 00111010011010100101
01110010100001010110 01110000101001010110
01110001010000011010 01110000010100011010
01101110101001101001 01101110011010101001
01101010100110000101 01101001101010000101
01110010010000110010 01110000100100110010
01110010100001101010 01110000101001101010
00111010100010110110 00111000101010110110
01110100100100001110 01110100001001001110
01011001100101011010 01011001010110011010
00101110101001101001 00101110011010101001
01101011010100011100 01101011000101011100
01110110011000011110 01110110000110011110
01101010100110101001 01101001101010101001
01010110010100001110 01010110000101001110
01111010101001101001 01111010011010101001
01101000101000001110 01101000001010001110
01110010100001011010 01110000101001011010
01101010100110100011 01101001101010100011
01110011010100011100 01110011000101011100
01110100110100011101 01110100010110011101
01011010100110011010 01011001101010011010
01101110011000011110 01101110000110011110
01011010010110011010 01011001101001011010
00111010100011010110 00111000101011010110
01110010010000111110 01110000100100111110
01101010100101101001 01101001011010101001
01111110011000011110 01111110000110011110
01110010010000101110 01110000100100101110
01010100100100001110 01010100001001001110
01011010100110001001 01011001101010001001
01110110010100001110 01110110000101001110
01101001001000011010 01101000010010011010
01011010100110100001 01011001101010100001
01111001100001011110 01111000011001011110
01011001100101010110 01011001010110010110
01110010100001101110 01110000101001101110
01000111010011001001 01000110010111001001
01111100100100001110 01111100001001001110
01110001100101011010 01110001010110011010
01001111010100011100 01001111000101011100
01101010100110001011 01101001101010001011
00111010100011110010 00111000101011110010
00111010100011001110 00111000101011001110
01110010010000001110 01110000001001001110
01011010100110001011 01011001101010001011
01011110101001101001 01011110011010101001
01110010010000101010 01110000100100101010
00111010101001101001 00111010011010101001
01101010100110100001 01101001101010100001
01101010100110011010 01101001101010011010
01011010010100001110 01011010000101001110
01011011010100011100 01011011000101011100
01111001100001101110 01111000011001101110
01111100110000111110 01111100001100111110
01011010100110011101 01011001101010011101
01101010100110011101 01101001101010011101
01000011101001100010 01000011001011100010
00101110101001100101 00101110011010100101
01101010100110001001 01101001101010001001
01110010100001011110 01110000101001011110
01101100110100011101 01101100010110011101
01000111010011000010 01000110010111000010
01101001001000010110 01101000010010010110
01111010011000011110 01111010000110011110
01110010100001111010 01110000101001111010
01110110101001100101 01110110011010100101
01110001001000001110 01110000010010001110
01111001100001110110 01111000011001110110
01101110101001100101 01101110011010100101
01011001001000011010 01011000010010011010
01110001100101010110 01110001010110010110
00111010100011011010 00111000101011011010
01000110101001100101 01000110011010100101
01101010100110010001 01101001101010010001
01111001100001111110 01111000011001111110
01011000101000001110 01011000001010001110
01111010101001100101 01111010011010100101
01101010010100001110 01101010000101001110
01011110101001100101 01011110011010100101
01110001010000010110 01110000010100010110
01110110101001101001 01110110011010101001
01101010100110001110 01101001101010001110
01000011001001000010 01000010010011000010
01011110010100001110 01011110000101001110
01000110101001101001 01000110011010101001
01111010010100001110 01111010000101001110
01001100100100001110 01001100001001001110
01111000110000011110 01111000001100011110
01110010010000100110 01110000100100100110
01101010101001100101 01101010011010100101
01101101010100011100 01101101000101011100
01011010100110001110 01011001101010001110
01011010100110000101 01011001101010000101
01110000110000001110 01110000001100001110
01011010100110010001 01011001101010010001
01000111010011010001 01000110010111010001
01011010100110100011 01011001101010100011
00111010100011100011 00111000111010100011
01011001001000010110 01011000010010010110
01101010101001101001 01101010011010101001
01011010100110101001 01011001101010101001
01100100100100001110 01100100001001001110
