0100111100100100001110 0100111100001001001110
0011101010100011100011 0011101000111010100011
0101010010010000111110 0101010000100100111110
0101100110010101110110 0101100101011001110110
0011101010001110000011 0011100011101010000011
0110101010011010100011 0110100110101010100011
0111110010010000100110 0111110000100100100110
0111011101101100111101 0111011100110110111101
0111010010100001101010 0111010000101001101010
0111111110011000011110 0111111110000110011110
0111110010100001101010 0111110000101001101010
0101010010010000110010 0101010000100100110010
0010111010100011010110 0010111000101011010110
0111001001000010101110 0111000010010010101110
0111100110000110011110 0111100001100110011110
0101100110010101111010 0101100101011001111010
0101100110010101100010 0101100101011001100010
0111011010100011001110 0111011000101011001110
0101111010100110010001 0101111001101010010001
0011101010100110100001 0011101001101010100001
0101100110010101011110 0101100101011001011110
0100011001100101010110 0100011001010110010110
0101101001011001100101 0101100110100101100101
0110101010011000100011 0110100110101000100011
0110111010100110000101 0110111001101010000101
0011111010100010110110 0011111000101010110110
0110100110010100001110 0110100110000101001110
0101011001010000101110 0101011000010100101110
0010111110101001101001 0010111110011010101001
0101011001010000111110 0101011000010100111110
0111000100100000001110 0111000000010010001110
0111100011000001101110 0111100000110001101110
0111101110011000011110 0111101110000110011110
0101100110010101101110 0101100101011001101110
0111000100100000101110 0111000001001000101110
0111110001100101010110 0111110001010110010110
0110100100100001100010 0110100001001001100010
0111010010010000101010 0111010000100100101010
0111101001001000010110 0111101000010010010110
0111000110101001100101 0111000110011010100101
0110010010010000110010 0110010000100100110010
0100011110101001100101 0100011110011010100101
0100011101001101010001 0100011001011101010001
0100011101000110011101 0100011001110100011101
0101100110101001101001 0101100110011010101001
0101100110010101011100 0101100101011001011100
0111001101010001111010 0111001100010101111010
0011101010001111110010 0011100010101111110010
0101010010010000101110 0101010000100100101110
0011101010100110001110 0011101001101010001110
0110101010011000110010 0110100110101000110010
0100000110101001100101 0100000110011010100101
0111110010010000101010 0111110000100100101010
0011101010001110010001 0011100011101010010001
0111010011010100011100 0111010011000101011100
0110110001100000110110 0110110000011000110110
0111110100100100001110 0111110100001001001110
0111110001100000110110 0111110000011000110110
0111010010010000110010 0111010000100100110010
0111011010100110101001 0111011001101010101001
0111001010000111100010 0111000010100111100010
0110110011010001111101 0110110001011001111101
0111110000110000001110 0111110000001100001110
0101101010011010100001 0101100110101010100001
0100110001100101011010 0100110001010110011010
0111100110000101110110 0111100001100101110110
0110111010100110101001 0110111001101010101001
0110101010011000100001 0110100110101000100001
0101110001100000101110 0101110000011000101110
0101111011010100011100 0101111011000101011100
0111000001100101010110 0111000001010110010110
0101101010011010000001 0101100110101010000001
0100001110100110001110 0100001100101110001110
0111011001100101011010 0111011001010110011010
0100110110101001101001 0100110110011010101001
0111110100110000111110 0111110100001100111110
0010101110101001101001 0010101110011010101001
0110111010011000011110 0110111010000110011110
0101111110101001100101 0101111110011010100101
0101100110010110100101 0101100101101001100101
0101111010100110100011 0101111001101010100011
0110110101010001011110 0110110100010101011110
0111110100110100011101 0111110100010110011101
0101101101010001110110 0101101100010101110110
0010111010100110011101 0010111001101010011101
0111101110101001100101 0111101110011010100101
0100001110100110000010 0100001100101110000010
0110101010010110100011 0110100101101010100011
0011111010100011010110 0011111000101011010110
0111000100100000111110 0111000001001000111110
0110101010011001000001 0110100110101001000001
0111101001101000101110 0111101000101100101110
0101111010100110000101 0101111001101010000101
0100001100100100001110 0100001001001100001110
0011101010001011011110 0011100010101011011110
0111110010100001010110 0111110000101001010110
0110111010100011010110 0110111000101011010110
0100111101010001011110 0100111100010101011110
0100110010010000101010 0100110000100100101010
0111101110101001101001 0111101110011010101001
0010111010100110011010 0010111001101010011010
0111001001000011110010 0111000010010011110010
0110111010100110001110 0110111001101010001110
0100110110101001100101 0100110110011010100101
0101111001100101010110 0101111001010110010110
0111101001100001110110 0111101000011001110110
0110101010011001111010 0110100110101001111010
0111000100100000101010 0111000001001000101010
0101101010011010001001 0101100110101010001001
0101101101010001011110 0101101100010101011110
0100011101001100101001 0100011001011100101001
0110100010100000101110 0110100000101000101110
0101101010011000010001 0101100110101000010001
0111000110010101100101 0111000101011001100101
0111101010010100001110 0111101010000101001110
0110111010100110001001 0110111001101010001001
0111001101010001111100 0111001100010101111100
0111001010000110001110 0111000010100110001110
0110101001001000010110 0110101000010010010110
0011101010100110001011 0011101001101010001011
0101000100010000011010 0101000001000100011010
0100000111010011000010 0100000110010111000010
0111011010100110011101 0111011001101010011101
0011101010100110010001 0011101001101010010001
0110101010010110101001 0110100101101010101001
0110101010100110100011 0110101001101010100011
0111110110010100001110 0111110110000101001110
0111010011010001111101 0111010001011001111101
0110101101010001111010 0110101100010101111010
0111011001010000111110 0111011000010100111110
0111010110010100001110 0111010110000101001110
0111010001100000110110 0111010000011000110110
0111100110000101011110 0111100001100101011110
0110111001100001101110 0110111000011001101110
0111000011000000101110 0111000000110000101110
0100011010010110011010 0100011001101001011010
0011101010101001101001 0011101010011010101001
0111101001101000110110 0111101000101100110110
0011101010001100101110 0011100010101100101110
0110010001001000001110 0110010000010010001110
0111001010000111111010 0111000010100111111010
0011101010100011110010 0011101000101011110010
0110101110011000011110 0110101110000110011110
0111001010000110100110 0111000010100110100110
0110101010011000111110 0110100110101000111110
0101101010011000001011 0101100110101000001011
0010101110101001100101 0010101110011010100101
0100001100100100100001 0100001001001100100001
0101100010001000001110 0101100000100010001110
0101101001011001100010 0101100110100101100010
0111011010100011010110 0111011000101011010110
0011101010001101100010 0011100010101101100010
0101100110010101110100 0101100101011001110100
0111101001010000111110 0111101000010100111110
0101100110010100001110 0101100110000101001110
0101101010011001110001 0101100110101001110001
0111010011010001110001 0111010001011001110001
0101111010100011110010 0101111000101011110010
0110111010100110100001 0110111001101010100001
0101110001100000111010 0101110000011000111010
0011111010101001100101 0011111010011010100101
0101100010010000011010 0101100000100100011010
0101100110010101110001 0101100101011001110001
0101010001001000001110 0101010000010010001110
0111111010101001101001 0111111010011010101001
0111000110010101011110 0111000101011001011110
0111000101000001011110 0111000001010001011110
0110101010010110100001 0110100101101010100001
0100111101010001111100 0100111100010101111100
0101111000101000001110 0101111000001010001110
0100011101001101001001 0100011001011101001001
0111010001010000011010 0111010000010100011010
0111101010100110100011 0111101001101010100011
0110101010010100001110 0110101010000101001110
0101111010100110001001 0101111001101010001001
0111011110101001100101 0111011110011010100101
0111000110010101110110 0111000101011001110110
0111101010100110001001 0111101001101010001001
0110101101010001110110 0110101100010101110110
0111011001001000010110 0111011000010010010110
0110111010100011011010 0110111000101011011010
0111011001100001110110 0111011000011001110110
0110101010100101101001 0110101001011010101001
0111010001100000111110 0111010000011000111110
0110101010011000001001 0110100110101000001001
0100001111010100011100 0100001111000101011100
0101100110010101100101 0101100101011001100101
0101101010010110100101 0101101001011010100101
0111101010100010110110 0111101000101010110110
0111001110011000011110 0111001110000110011110
0011101010001011001110 0011100010101011001110
0111001001000011000010 0111000010010011000010
0111001001000010100110 0111000010010010100110
0100011010100110011010 0100011001101010011010
0100000011001001000010 0100000010010011000010
0111010010010000111110 0111010000100100111110
0111011010100110010001 0111011001101010010001
0111010001001000001110 0111010000010010001110
0110101101010100011100 0110101101000101011100
0101110001100000111110 0101110000011000111110
0101111010010110011010 0101111001101001011010
0111000111010011010001 0111000110010111010001
0110101010011010000001 0110100110101010000001
0111001100100111000010 0111001001110011000010
0110111010100011100011 0110111000111010100011
0111100110000101111110 0111100001100101111110
0111110001100000111010 0111110000011000111010
0110101010011000000101 0110100110101000000101
0111101001100001011110 0111101000011001011110
0101101010011010000011 0101100110101010000011
0101101001010000111110 0101101000010100111110
0111110011000010111110 0111110000110010111110
0111001010010100001110 0111001010000101001110
0111001001000011001110 0111000010010011001110
0111110011010100011100 0111110011000101011100
0110100100100001010110 0110100001001001010110
0111001010000101101110 0111000010100101101110
0101101010101001101001 0101100110101010101001
0101101001010000101110 0101101000010100101110
0101101010011010001011 0101100110101010001011
0101101111010100011100 0101101111000101011100
0011101010001101111010 0011100010101101111010
0110110101010001011100 0110110100010101011100
0111100110000101101110 0111100001100101101110
0101101010011001111101 0101100110101001111101
0111000010100000010110 0111000000101000010110
0111000010010000001110 0111000000100100001110
0110101010011010000011 0110100110101010000011
0100000111010011001001 0100000110010111001001
0111111001100001101110 0111111000011001101110
0110101101010001101110 0110101100010101101110
0110101010100110001001 0110101001101010001001
0100011010100110001001 0100011001101010001001
0101101010011001101110 0101100110101001101110
0101111001010000101110 0101111000010100101110
0101100010001000001010 0101100000100010001010
0011101010001101011110 0011100010101101011110
0011101110101001101001 0011101110011010101001
0110111010100010110110 0110111000101010110110
0111110001001000001110 0111110000010010001110
0101111010100011011010 0101111000101011011010
0011101010100011001110 0011101000101011001110
0111001101010001011100 0111001100010101011100
0100001100100100000010 0100001001001100000010
0101101010011000000101 0101100110101000000101
0111101010101001101001 0111101010011010101001
0101111010100110001110 0101111001101010001110
0100110010010000101110 0100110000100100101110
0101100001010000001110 0101100000010100001110
0110111001100001111110 0110111000011001111110
0111101010100110001110 0111101001101010001110
0100000110010010000010 0100000100100110000010
0111001001000000101110 0111000000100100101110
0111100110000111001110 0111100001100111001110
0010111010100011110010 0010111000101011110010
0111110001010000010110 0111110000010100010110
0111101010100011001110 0111101000101011001110
0110010110010100001110 0110010110000101001110
0111110001100000101110 0111110000011000101110
0101100010100000111110 0101100000101000111110
0110101101010001011100 0110101100010101011100
0110101001010000111110 0110101000010100111110
0101110001100000110110 0101110000011000110110
0110111010100011110010 0110111000101011110010
0110101010011010100001 0110100110101010100001
0101111110010100001110 0101111110000101001110
0100011101001101000001 0100011001011101000001
0011101010100101101001 0011101001011010101001
0111011001010000101110 0111011000010100101110
0111101010100011010110 0111101000101011010110
0111101100110000111110 0111101100001100111110
0110110110011000011110 0110110110000110011110
0111001001001000011010 0111001000010010011010
0111001101010100011100 0111001101000101011100
0101101010011000001110 0101100110101000001110
0101101010011000001001 0101100110101000001001
0111000011101001100010 0111000011001011100010
0010111010100110001110 0010111001101010001110
0101111010100110011010 0101111001101010011010
0111110110011000011110 0111110110000110011110
0111101001001000011010 0111101000010010011010
0101101100100100001110 0101101100001001001110
0110111010100110011101 0110111001101010011101
0101111010100110100001 0101111001101010100001
0101111010100011100011 0101111000111010100011
0111001000101000001110 0111001000001010001110
0010111010101001101001 0010111010011010101001
0110011010010100001110 0110011010000101001110
0110111010100101101001 0110111001011010101001
0111101011010100011100 0111101011000101011100
0110111000110000011110 0110111000001100011110
0100110001001000001110 0100110000010010001110
0111100011000001110110 0111100000110001110110
0110111110101001101001 0110111110011010101001
0111000100010000011010 0111000001000100011010
0011101010001110000101 0011100011101010000101
0111010010100001011110 0111010000101001011110
0111001010000110110010 0111000010100110110010
0110101010100110011101 0110101001101010011101
0111010001010000010110 0111010000010100010110
0111101001100001101110 0111101000011001101110
0110101001001000011010 0110101000010010011010
0110101001010000101110 0110101000010100101110
0111011001100001111110 0111011000011001111110
0011101010001110001001 0011100011101010001001
0110110011010001110001 0110110001011001110001
0100110001100101010110 0100110001010110010110
0110101010101001100101 0110100110101010100101
0101100010010000010110 0101100000100100010110
0111100011000001111110 0111100000110001111110
0111101010011000011110 0111101010000110011110
0110101010100110000101 0110101001101010000101
0110110000110000001110 0110110000001100001110
0100111101010001111010 0100111100010101111010
0101100010100000101110 0101100000101000101110
0110100010100000111110 0110100000101000111110
0111101000110000011110 0111101000001100011110
0100000111010011010001 0100000110010111010001
0110100100100001101110 0110100001001001101110
0111000011000000111110 0111000000110000111110
0110101011010100011100 0110101011000101011100
0100011010100110010001 0100011001101010010001
0110110101010001110100 0110110100010101110100
0111101010100110101001 0111101001101010101001
0011101010001101010110 0011100010101101010110
0011101010100110101001 0011101001101010101001
0101111010100110001011 0101111001101010001011
0111111001100001011110 0111111000011001011110
0011101010001101101110 0011100010101101101110
0111110001010000011010 0111110000010100011010
0111011010100110100011 0111011001101010100011
0111000101000001001110 0111000001010001001110
0110110001100000111010 0110110000011000111010
0011101010001111001110 0011100010101111001110
0011101010100011010110 0011101000101011010110
0100001110100110010001 0100001100101110010001
0111000010100000011010 0111000000101000011010
0111000110010101100010 0111000101011001100010
0110110101010100011100 0110110101000101011100
0110101010011001001101 0110100110101001001101
0100110010010000111110 0100110000100100111110
0010111010100110100011 0010111001101010100011
0011101010001111011010 0011100010101111011010
0100001110010011000010 0100001100100111000010
0111011000101000001110 0111011000001010001110
0110100100100001001110 0110100001001001001110
0011101010001101001110 0011100010101101001110
0100011101001100000010 0100011001011100000010
0111001101010001011110 0111001100010101011110
0111011100110000111110 0111011100001100111110
0111110011000011101110 0111110000110011101110
0100011010100110011101 0100011001101010011101
0111100110000110110110 0111100001100110110110
0100011011010100011100 0100011011000101011100
0011101010100011011010 0011101000101011011010
0111001001000011000010 0111000011001001000010
0111011010100110001011 0111011001101010001011
0110101010011000101011 0110100110101000101011
0110110011010001101110 0110110001011001101110
0011101010001110001011 0011100011101010001011
0111011010100110000101 0111011001101010000101
0111001010000101011110 0111000010100101011110
0111001010000110101110 0111000010100110101110
0101101101010001111100 0101101100010101111100
0110101010010110001001 0110100101101010001001
0111001010000110010110 0111000010100110010110
0111010010100001101110 0111010000101001101110
0110110001100000111110 0110110000011000111110
0111001111010100011100 0111001111000101011100
0111111100100100001110 0111111100001001001110
0010111010101001100101 0010111010011010100101
0110101101010001111100 0110101100010101111100
0101100110010101010110 0101100101011001010110
0110101010011001101001 0110100110011010101001
0101101010011001100010 0101100110101001100010
0110010010010000100110 0110010000100100100110
0011101010100110011010 0011101001101010011010
0110100100100001011110 0110100001001001011110
0100111111010100011100 0100111111000101011100
0111100110000111111110 0111100001100111111110
0110101010101001100101 0110101010011010100101
0111001011010100011100 0111001011000101011100
0010111010100110001011 0010111001101010001011
0111101010100110011010 0111101001101010011010
0111100001100000011110 0111100000011000011110
0101111010100011010110 0101111000101011010110
0110110101010001101110 0110110100010101101110
0111101101101100111101 0111101100110110111101
0110110001100000101110 0110110000011000101110
0111010000110000001110 0111010000001100001110
0111001010000111101110 0111000010100111101110
0111101010100110011101 0111101001101010011101
0101101001011001111010 0101100110100101111010
0111000100100000110010 0111000001001000110010
0100011101001100100001 0100011001011100100001
0011101010001110100011 0011100011101010100011
0111001001000010011110 0111000010010010011110
0101101101010001110100 0101101100010101110100
0100001110100110100001 0100001100101110100001
0111010110011000011110 0111010110000110011110
0111010010100001010110 0111010000101001010110
0100000011101001100010 0100000011001011100010
0011101010001011010110 0011100010101011010110
0101101010011000100001 0101100110101000100001
0110010010010000101010 0110010000100100101010
0100011010100110100001 0100011001101010100001
0101100001100101010110 0101100001010110010110
0111001010100010011110 0111001000101010011110
0101101010101001100101 0101100110101010100101
0110010010010000101110 0110010000100100101110
0110100010001000001110 0110100000100010001110
0111001001000000111110 0111000000100100111110
0110111001100001011110 0110111000011001011110
0110100110100101101001 0110100101101001101001
0101100100100001101110 0101100001001001101110
0111101010100110100001 0111101001101010100001
0111001001000011011010 0111000010010011011010
0101000100010000010110 0101000001000100010110
0101101010011000101001 0101100110101000101001
0101100100100001100010 0101100001001001100010
0011111010101001101001 0011111010011010101001
0010111010100110100001 0010111001101010100001
0100000110101001101001 0100000110011010101001
0110111010100110100011 0110111001101010100011
0110101010011001111101 0110100110101001111101
0011101110101001100101 0011101110011010100101
0110101010011001100101 0110100110011010100101
0110110100110100011101 0110110100010110011101
0100111101010001110110 0100111100010101110110
0110111010100110011010 0110111001101010011010
0111001010000101010110 0111000010100101010110
0111000110010101011100 0111000101011001011100
0101111001001000010110 0101111000010010010110
0101111001100101011010 0101111001010110011010
0111110010010000111110 0111110000100100111110
0111011010100011110010 0111011000101011110010
0111011010100110100001 0111011001101010100001
0111001010000110111110 0111000010100110111110
0101101010011000101011 0101100110101000101011
0110111010100110001011 0110111001101010001011
0100110010010000110010 0100110000100100110010
0111000110010101101110 0111000101011001101110
0111101000101000001110 0111101000001010001110
0111010001100000101110 0111010000011000101110
0101100011101001100010 0101100011001011100010
0111101001100001111110 0111101000011001111110
0110101010100110011010 0110101001101010011010
0101111001001000011010 0101111000010010011010
0011101010001010110110 0011100010101010110110
0110101110101001101001 0110101110011010101001
0110101010011000101001 0110100110101000101001
0100011001001000011010 0100011000010010011010
0111110110101001101001 0111110110011010101001
0111100110000111010110 0111100001100111010110
0111011000110000011110 0111011000001100011110
0111001010000101111110 0111000010100101111110
0111000100100000100110 0111000001001000100110
0110101110101001100101 0110101110011010100101
0111100110000110111110 0111100001100110111110
0110101010100110010001 0110101001101010010001
0111110001100000111110 0111110000011000111110
0111110010100001111010 0111110000101001111010
0110101010100110100001 0110101001101010100001
0110111010101001101001 0110111010011010101001
0110101010011000011101 0110100110101000011101
0110101010011000010001 0110100110101000010001
0101101101010001101110 0101101100010101101110
0101111010100011001110 0101111000101011001110
0010111010100110101001 0010111001101010101001
0111011010011000011110 0111011010000110011110
0111001001001100001110 0111000011001001001110
0100011101001100001110 0100011001011100001110
0111111010101001100101 0111111010011010100101
0100001100001001001110 0100001001001100001110
0111000110010010001110 0111000100100110001110
0111111010011000011110 0111111010000110011110
0100011110010100001110 0100011110000101001110
0110101010011000011010 0110100110101000011010
0111010100100100001110 0111010100001001001110
0011101010001100111110 0011100010101100111110
0111001100100111001001 0111001001110011001001
0100011001100101011010 0100011001010110011010
0111011010010100001110 0111011010000101001110
0101010010010000101010 0101010000100100101010
0110110101010001111010 0110110100010101111010
0111101010101001100101 0111101010011010100101
0111010001100000111010 0111010000011000111010
0111010011010001101110 0111010001011001101110
0100011010100110101001 0100011001101010101001
0111110011100100111110 0111110010011100111110
0111000101000001010110 0111000001010001010110
0111011001101000111101 0111011000101100111101
0101101010011000111110 0101100110101000111110
0111001101010001101110 0111001100010101101110
0010111010100011011010 0010111000101011011010
0111111000110000011110 0111111000001100011110
0111001001000010010110 0111000010010010010110
0111001101010001110110 0111001100010101110110
0111101010100011100011 0111101000111010100011
0110110011010001011110 0110110001011001011110
0111011010100011100011 0111011000111010100011
0111011010100110001110 0111011001101010001110
0111011110101001101001 0111011110011010101001
0111000110010100001110 0111000110000101001110
0111001010010100001110 0111000010100101001110
0110100010001000001010 0110100000100010001010
0111000001100101011010 0111000001010110011010
0111000101000001111010 0111000001010001111010
0101101010011000110010 0101100110101000110010
0111111100110000111110 0111111100001100111110
0010111010100011100011 0010111000111010100011
0111011110010100001110 0111011110000101001110
0100111101010001101110 0100111100010101101110
0010111010100110010001 0010111001101010010001
0111011010100110001001 0111011001101010001001
0110101010011001100101 0110100110101001100101
0110101010011010001011 0110100110101010001011
0110010010010000111110 0110010000100100111110
0111001010000110011010 0111000010100110011010
0111110010100001101110 0111110000101001101110
0101111110101001101001 0101111110011010101001
0100111101010001011100 0100111100010101011100
0111110001100101011010 0111110001010110011010
0110110011000110110001 0110110001101100110001
0110101010011001101110 0110100110101001101110
0111011010100110011010 0111011001101010011010
0101111001010000111110 0101111000010100111110
0101100100100001001110 0101100001001001001110
0011101010100110000101 0011101001101010000101
0111100110000111011110 0111100001100111011110
0110101010100110101001 0110101001101010101001
0010111010100010110110 0010111000101010110110
0110101000101000001110 0110101000001010001110
0100001110010011001110 0100001100111001001110
0110101010011001110001 0110100110101001110001
0011111010100011011010 0011111000101011011010
0111100110011000011110 0111100001100110011110
0101111010100010110110 0101111000101010110110
0110111110101001100101 0110111110011010100101
0111101010100101101001 0111101001011010101001
0011111101100011111100 0011111100011011111100
0110101100110100011101 0110101100010110011101
0100011010100110001011 0100011001101010001011
0111001010000101100110 0111000010100101100110
0111010010100001111010 0111010000101001111010
0111100110011000011110 0111100110000110011110
0110101010011001100010 0110100110101001100010
0111100110000111100001 0111100001111001100001
0111001100100100001110 0111001100001001001110
0100011101001100011010 0100011001011100011010
0111011001001000011010 0111011000010010011010
0110101101010001011110 0110101100010101011110
0101101010011010100011 0101100110101010100011
0100011010100110000101 0100011001101010000101
0111001010000101001110 0111000010100101001110
0111111001100001110110 0111111000011001110110
0101101010011001001101 0101100110101001001101
0111011010100010110110 0111011000101010110110
0110100100100001111010 0110100001001001111010
0101010010010000100110 0101010000100100100110
0100111101010001110100 0100111100010101110100
0101101101010001111010 0101101100010101111010
0111101001101000111101 0111101000101100111101
0111000111010011000010 0111000110010111000010
0011101010101001100101 0011101010011010100101
0111101010100011110010 0111101000101011110010
0101101010011001100101 0101100110101001100101
0111101001010000101110 0111101000010100101110
0111110010010000101110 0111110000100100101110
0011101010100110011101 0011101001101010011101
0111100011000001011110 0111100000110001011110
0110111001100001110110 0110111000011001110110
0111111001100001111110 0111111000011001111110
0101101101010001011100 0101101100010101011100
0110101010011000001011 0110100110101000001011
0111010010010000001110 0111010000001001001110
0101111010100110011101 0101111001101010011101
0111000110010101110001 0111000101011001110001
0111011001100001101110 0111011000011001101110
0111110011000011011110 0111110000110011011110
0010111110101001100101 0010111110011010100101
0101101010011001111010 0101100110101001111010
0100001100100100010001 0100001001001100010001
0101101010011001000001 0101100110101001000001
0111001101010001110100 0111001100010101110100
0110100001010000001110 0110100000010100001110
0111110010010000110010 0111110000100100110010
0111101100110100011101 0111101100010110011101
0111001001000010111110 0111000010010010111110
0111100011100100011110 0111100010011100011110
0100011010100110001110 0100011001101010001110
0110111010100011001110 0110111000101011001110
0101101010011001100101 0101100110011010100101
0111001001000011111110 0111000010010011111110
0101100100100001111010 0101100001001001111010
0111000011000000110110 0111000000110000110110
0101101010011010101001 0101100110101010101001
0111110010100001011110 0111110000101001011110
0111110011000011111110 0111110000110011111110
0110100100100100001110 0110100100001001001110
0011101010001011100011 0011100010111010100011
0110111010101001100101 0110111010011010100101
0110111010100110010001 0110111001101010010001
0110110101010001111100 0110110100010101111100
0111010010010000101110 0111010000100100101110
0111001001001000010110 0111001000010010010110
0010111010100110000101 0010111001101010000101
0111101010100110010001 0111101001101010010001
0111000001100000001110 0111000000011000001110
0101101010011001101001 0101100110011010101001
0100110010010000100110 0100110000100100100110
0101111010010001111010 0101111000100101111010
0111000110101001101001 0111000110011010101001
0110101010100110001110 0110101001101010001110
0110101010100110001011 0110101001101010001011
0111110010010000001110 0111110000001001001110
0111011001101000110110 0111011000101100110110
0111101010100110001011 0111101001101010001011
0111000110010101010110 0111000101011001010110
0111011010100011011010 0111011000101011011010
0111100110000110101110 0111100001100110101110
0111000111010011001001 0111000110010111001001
0011101010001110100001 0011100011101010100001
0101101010011000011101 0101100110101000011101
0110101010101001101001 0110101010011010101001
0111011001100001011110 0111011000011001011110
0110010100100100001110 0110010100001001001110
0111000011001001000010 0111000010010011000010
0111101010100011011010 0111101000101011011010
0100011001001000010110 0100011000010010010110
0111100101010001001110 0111100100010101001110
0011111010100011110010 0011111000101011110010
0011101010100110001001 0011101001101010001001
0110110101010001110110 0110110100010101110110
0110101101010001110100 0110101100010101110100
0110101010011010101001 0110100110101010101001
0010111010100110001001 0010111001101010001001
0111010010010000100110 0111010000100100100110
0101100001100101011010 0101100001010110011010
0111010011010001011110 0111010001011001011110
0110101010101001101001 0110100110101010101001
0111010010100001011010 0111010000101001011010
0101101010011000100011 0101100110101000100011
0111110010100001011010 0111110000101001011010
0100110110010100001110 0100110110000101001110
0111010100110100011101 0111010100010110011101
0101100110101001100101 0101100110011010100101
0101100100100001011110 0101100001001001011110
0111011001101000101110 0111011000101100101110
0111111010010100001110 0111111010000101001110
0111011011010100011100 0111011011000101011100
0110101010011010001001 0110100110101010001001
0010111010100011001110 0010111000101011001110
0110100010010000010110 0110100000100100010110
0100011010100110100011 0100011001101010100011
0111000110010101111010 0111000101011001111010
0111101010100110000101 0111101001101010000101
0011101010001111000010 0011100010101111000010
0101101010011000011010 0101100110101000011010
0111100100100100001110 0111100100001001001110
0100001100100100001110 0100001100001001001110
0101111010100110101001 0101111001101010101001
0111000101000001101110 0111000001010001101110
0011101010100110100011 0011101001101010100011
0111000110010101110100 0111000101011001110100
0110101010011000001110 0110100110101000001110
0011101010100010110110 0011101000101010110110
0011111010100011001110 0011111000101011001110
0111101101010100011100 0111101101000101011100
0111011001100101010110 0111011001010110010110
0111110110101001100101 0111110110011010100101
0110100010010000011010 0110100000100100011010
0100011110101001101001 0100011110011010101001
0111000100010000010110 0111000001000100010110
0011111010100011100011 0011111000111010100011
0101100100100001010110 0101100001001001010110
